      0.0000    0.000000E+000   0.000000E+000   0.000000E+000   0.000000E+000   0.000000E+000   0.200000E+001
      0.0100    0.000000E+000  -0.178175E+003  -0.178175E+003  -0.356349E+003   0.000000E+000   0.199999E+001
      0.0200    0.000000E+000  -0.343917E+003  -0.343917E+003  -0.687834E+003   0.000000E+000   0.199996E+001
      0.0300    0.000000E+000  -0.498479E+003  -0.498479E+003  -0.996957E+003   0.000000E+000   0.199990E+001
      0.0400    0.000000E+000  -0.642886E+003  -0.642886E+003  -0.128577E+004   0.000000E+000   0.199983E+001
      0.0500    0.000000E+000  -0.778022E+003  -0.778022E+003  -0.155604E+004   0.000000E+000   0.199974E+001
      0.0600    0.000000E+000  -0.904667E+003  -0.904667E+003  -0.180933E+004   0.000000E+000   0.199964E+001
      0.0700    0.000000E+000  -0.102351E+004  -0.102351E+004  -0.204703E+004   0.000000E+000   0.199952E+001
      0.0800    0.000000E+000  -0.113519E+004  -0.113519E+004  -0.227038E+004   0.000000E+000   0.199938E+001
      0.0900    0.000000E+000  -0.124026E+004  -0.124026E+004  -0.248051E+004   0.000000E+000   0.199923E+001
      0.1000    0.000000E+000  -0.133922E+004  -0.133922E+004  -0.267845E+004   0.000000E+000   0.199907E+001
      0.1100    0.000000E+000  -0.143255E+004  -0.143255E+004  -0.286510E+004   0.000000E+000   0.199890E+001
      0.1200    0.000000E+000  -0.152066E+004  -0.152066E+004  -0.304132E+004   0.000000E+000   0.199872E+001
      0.1300    0.000000E+000  -0.160392E+004  -0.160392E+004  -0.320785E+004   0.000000E+000   0.199852E+001
      0.1400    0.000000E+000  -0.168270E+004  -0.168270E+004  -0.336540E+004   0.000000E+000   0.199832E+001
      0.1500    0.000000E+000  -0.175729E+004  -0.175729E+004  -0.351458E+004   0.000000E+000   0.199810E+001
      0.1600    0.000000E+000  -0.182800E+004  -0.182800E+004  -0.365599E+004   0.000000E+000   0.199788E+001
      0.1700    0.000000E+000  -0.189507E+004  -0.189507E+004  -0.379014E+004   0.000000E+000   0.199764E+001
      0.1800    0.000000E+000  -0.195876E+004  -0.195876E+004  -0.391752E+004   0.000000E+000   0.199740E+001
      0.1900    0.000000E+000  -0.201928E+004  -0.201928E+004  -0.403857E+004   0.000000E+000   0.199716E+001
      0.2000    0.000000E+000  -0.207684E+004  -0.207684E+004  -0.415369E+004   0.000000E+000   0.199690E+001
      0.2100    0.000000E+000  -0.213163E+004  -0.213163E+004  -0.426326E+004   0.000000E+000   0.199664E+001
      0.2200    0.000000E+000  -0.218381E+004  -0.218381E+004  -0.436761E+004   0.000000E+000   0.199637E+001
      0.2300    0.000000E+000  -0.223354E+004  -0.223354E+004  -0.446707E+004   0.000000E+000   0.199609E+001
      0.2400    0.000000E+000  -0.228096E+004  -0.228096E+004  -0.456193E+004   0.000000E+000   0.199581E+001
      0.2500    0.000000E+000  -0.232622E+004  -0.232622E+004  -0.465244E+004   0.000000E+000   0.199552E+001
      0.2600    0.000000E+000  -0.236943E+004  -0.236943E+004  -0.473887E+004   0.000000E+000   0.199523E+001
      0.2700    0.000000E+000  -0.241071E+004  -0.241071E+004  -0.482143E+004   0.000000E+000   0.199493E+001
      0.2800    0.000000E+000  -0.245017E+004  -0.245017E+004  -0.490034E+004   0.000000E+000   0.199463E+001
      0.2900    0.000000E+000  -0.248790E+004  -0.248790E+004  -0.497579E+004   0.000000E+000   0.199432E+001
      0.3000    0.000000E+000  -0.252399E+004  -0.252399E+004  -0.504797E+004   0.000000E+000   0.199401E+001
      0.3100    0.000000E+000  -0.255852E+004  -0.255852E+004  -0.511705E+004   0.000000E+000   0.199369E+001
      0.3200    0.000000E+000  -0.259159E+004  -0.259159E+004  -0.518318E+004   0.000000E+000   0.199337E+001
      0.3300    0.000000E+000  -0.262325E+004  -0.262325E+004  -0.524650E+004   0.000000E+000   0.199304E+001
      0.3400    0.000000E+000  -0.265358E+004  -0.265358E+004  -0.530716E+004   0.000000E+000   0.199271E+001
      0.3500    0.000000E+000  -0.268264E+004  -0.268264E+004  -0.536528E+004   0.000000E+000   0.199238E+001
      0.3600    0.000000E+000  -0.271049E+004  -0.271049E+004  -0.542098E+004   0.000000E+000   0.199204E+001
      0.3700    0.000000E+000  -0.273719E+004  -0.273719E+004  -0.547437E+004   0.000000E+000   0.199170E+001
      0.3800    0.000000E+000  -0.276278E+004  -0.276278E+004  -0.552556E+004   0.000000E+000   0.199136E+001
      0.3900    0.000000E+000  -0.278732E+004  -0.278732E+004  -0.557463E+004   0.000000E+000   0.199101E+001
      0.4000    0.000000E+000  -0.281085E+004  -0.281085E+004  -0.562169E+004   0.000000E+000   0.199066E+001
      0.4100    0.000000E+000  -0.283341E+004  -0.283341E+004  -0.566682E+004   0.000000E+000   0.199031E+001
      0.4200    0.000000E+000  -0.285505E+004  -0.285505E+004  -0.571010E+004   0.000000E+000   0.198996E+001
      0.4300    0.000000E+000  -0.287581E+004  -0.287581E+004  -0.575161E+004   0.000000E+000   0.198960E+001
      0.4400    0.000000E+000  -0.289571E+004  -0.289571E+004  -0.579142E+004   0.000000E+000   0.198924E+001
      0.4500    0.000000E+000  -0.291480E+004  -0.291480E+004  -0.582960E+004   0.000000E+000   0.198888E+001
      0.4600    0.000000E+000  -0.293311E+004  -0.293311E+004  -0.586621E+004   0.000000E+000   0.198851E+001
      0.4700    0.000000E+000  -0.295066E+004  -0.295066E+004  -0.590132E+004   0.000000E+000   0.198814E+001
      0.4800    0.000000E+000  -0.296749E+004  -0.296749E+004  -0.593498E+004   0.000000E+000   0.198778E+001
      0.4900    0.000000E+000  -0.298362E+004  -0.298362E+004  -0.596725E+004   0.000000E+000   0.198740E+001
      0.5000    0.000000E+000  -0.299909E+004  -0.299909E+004  -0.599818E+004   0.000000E+000   0.198703E+001
      0.5100    0.000000E+000  -0.301391E+004  -0.301391E+004  -0.602783E+004   0.000000E+000   0.198665E+001
      0.5200    0.000000E+000  -0.302812E+004  -0.302812E+004  -0.605623E+004   0.000000E+000   0.198628E+001
      0.5300    0.000000E+000  -0.304172E+004  -0.304172E+004  -0.608345E+004   0.000000E+000   0.198590E+001
      0.5400    0.000000E+000  -0.305476E+004  -0.305476E+004  -0.610951E+004   0.000000E+000   0.198552E+001
      0.5500    0.000000E+000  -0.306724E+004  -0.306724E+004  -0.613447E+004   0.000000E+000   0.198514E+001
      0.5600    0.000000E+000  -0.307918E+004  -0.307918E+004  -0.615836E+004   0.000000E+000   0.198475E+001
      0.5700    0.000000E+000  -0.309061E+004  -0.309061E+004  -0.618123E+004   0.000000E+000   0.198437E+001
      0.5800    0.000000E+000  -0.310155E+004  -0.310155E+004  -0.620310E+004   0.000000E+000   0.198398E+001
      0.5900    0.000000E+000  -0.311201E+004  -0.311201E+004  -0.622402E+004   0.000000E+000   0.198359E+001
      0.6000    0.000000E+000  -0.312201E+004  -0.312201E+004  -0.624402E+004   0.000000E+000   0.198320E+001
      0.6100    0.000000E+000  -0.313157E+004  -0.313157E+004  -0.626313E+004   0.000000E+000   0.198281E+001
      0.6200    0.000000E+000  -0.314070E+004  -0.314070E+004  -0.628139E+004   0.000000E+000   0.198242E+001
      0.6300    0.000000E+000  -0.314941E+004  -0.314941E+004  -0.629882E+004   0.000000E+000   0.198203E+001
      0.6400    0.000000E+000  -0.315773E+004  -0.315773E+004  -0.631546E+004   0.000000E+000   0.198164E+001
      0.6500    0.000000E+000  -0.316567E+004  -0.316567E+004  -0.633133E+004   0.000000E+000   0.198124E+001
      0.6600    0.000000E+000  -0.317323E+004  -0.317323E+004  -0.634647E+004   0.000000E+000   0.198085E+001
      0.6700    0.000000E+000  -0.318044E+004  -0.318044E+004  -0.636089E+004   0.000000E+000   0.198045E+001
      0.6800    0.000000E+000  -0.318731E+004  -0.318731E+004  -0.637462E+004   0.000000E+000   0.198005E+001
      0.6900    0.000000E+000  -0.319385E+004  -0.319385E+004  -0.638769E+004   0.000000E+000   0.197965E+001
      0.7000    0.000000E+000  -0.320006E+004  -0.320006E+004  -0.640013E+004   0.000000E+000   0.197925E+001
      0.7100    0.000000E+000  -0.320597E+004  -0.320597E+004  -0.641194E+004   0.000000E+000   0.197885E+001
      0.7200    0.000000E+000  -0.321159E+004  -0.321159E+004  -0.642317E+004   0.000000E+000   0.197845E+001
      0.7300    0.000000E+000  -0.321691E+004  -0.321691E+004  -0.643383E+004   0.000000E+000   0.197805E+001
      0.7400    0.000000E+000  -0.322197E+004  -0.322197E+004  -0.644393E+004   0.000000E+000   0.197765E+001
      0.7500    0.000000E+000  -0.322675E+004  -0.322675E+004  -0.645351E+004   0.000000E+000   0.197725E+001
      0.7600    0.000000E+000  -0.323129E+004  -0.323129E+004  -0.646257E+004   0.000000E+000   0.197685E+001
      0.7700    0.000000E+000  -0.323557E+004  -0.323557E+004  -0.647115E+004   0.000000E+000   0.197644E+001
      0.7800    0.000000E+000  -0.323962E+004  -0.323962E+004  -0.647925E+004   0.000000E+000   0.197604E+001
      0.7900    0.000000E+000  -0.324345E+004  -0.324345E+004  -0.648689E+004   0.000000E+000   0.197563E+001
      0.8000    0.000000E+000  -0.324705E+004  -0.324705E+004  -0.649410E+004   0.000000E+000   0.197523E+001
      0.8100    0.000000E+000  -0.325044E+004  -0.325044E+004  -0.650089E+004   0.000000E+000   0.197482E+001
      0.8200    0.000000E+000  -0.325363E+004  -0.325363E+004  -0.650727E+004   0.000000E+000   0.197442E+001
      0.8300    0.000000E+000  -0.325663E+004  -0.325663E+004  -0.651326E+004   0.000000E+000   0.197401E+001
      0.8400    0.000000E+000  -0.325943E+004  -0.325943E+004  -0.651887E+004   0.000000E+000   0.197360E+001
      0.8500    0.000000E+000  -0.326206E+004  -0.326206E+004  -0.652412E+004   0.000000E+000   0.197320E+001
      0.8600    0.000000E+000  -0.326451E+004  -0.326451E+004  -0.652902E+004   0.000000E+000   0.197279E+001
      0.8700    0.000000E+000  -0.326680E+004  -0.326680E+004  -0.653359E+004   0.000000E+000   0.197238E+001
      0.8800    0.000000E+000  -0.326892E+004  -0.326892E+004  -0.653784E+004   0.000000E+000   0.197197E+001
      0.8900    0.000000E+000  -0.327089E+004  -0.327089E+004  -0.654179E+004   0.000000E+000   0.197157E+001
      0.9000    0.000000E+000  -0.327272E+004  -0.327272E+004  -0.654543E+004   0.000000E+000   0.197116E+001
      0.9100    0.000000E+000  -0.327440E+004  -0.327440E+004  -0.654879E+004   0.000000E+000   0.197075E+001
      0.9200    0.000000E+000  -0.327594E+004  -0.327594E+004  -0.655188E+004   0.000000E+000   0.197034E+001
      0.9300    0.000000E+000  -0.327735E+004  -0.327735E+004  -0.655470E+004   0.000000E+000   0.196993E+001
      0.9400    0.000000E+000  -0.327864E+004  -0.327864E+004  -0.655728E+004   0.000000E+000   0.196952E+001
      0.9500    0.000000E+000  -0.327980E+004  -0.327980E+004  -0.655961E+004   0.000000E+000   0.196911E+001
      0.9600    0.000000E+000  -0.328085E+004  -0.328085E+004  -0.656171E+004   0.000000E+000   0.196870E+001
      0.9700    0.000000E+000  -0.328179E+004  -0.328179E+004  -0.656359E+004   0.000000E+000   0.196829E+001
      0.9800    0.000000E+000  -0.328262E+004  -0.328262E+004  -0.656525E+004   0.000000E+000   0.196788E+001
      0.9900    0.000000E+000  -0.328335E+004  -0.328335E+004  -0.656671E+004   0.000000E+000   0.196747E+001
      1.0000    0.000000E+000  -0.328399E+004  -0.328399E+004  -0.656797E+004   0.000000E+000   0.196706E+001
      1.0100    0.000000E+000  -0.328452E+004  -0.328452E+004  -0.656905E+004   0.000000E+000   0.196665E+001
      1.0200    0.000000E+000  -0.328497E+004  -0.328497E+004  -0.656994E+004   0.000000E+000   0.196624E+001
      1.0300    0.000000E+000  -0.328533E+004  -0.328533E+004  -0.657067E+004   0.000000E+000   0.196583E+001
      1.0400    0.000000E+000  -0.328561E+004  -0.328561E+004  -0.657123E+004   0.000000E+000   0.196542E+001
      1.0500    0.000000E+000  -0.328581E+004  -0.328581E+004  -0.657163E+004   0.000000E+000   0.196501E+001
      1.0600    0.000000E+000  -0.328594E+004  -0.328594E+004  -0.657188E+004   0.000000E+000   0.196460E+001
      1.0700    0.000000E+000  -0.328599E+004  -0.328599E+004  -0.657198E+004   0.000000E+000   0.196419E+001
      1.0800    0.000000E+000  -0.328597E+004  -0.328597E+004  -0.657195E+004   0.000000E+000   0.196378E+001
      1.0900    0.000000E+000  -0.328589E+004  -0.328589E+004  -0.657178E+004   0.000000E+000   0.196337E+001
      1.1000    0.000000E+000  -0.328574E+004  -0.328574E+004  -0.657149E+004   0.000000E+000   0.196296E+001
      1.1100    0.000000E+000  -0.328554E+004  -0.328554E+004  -0.657107E+004   0.000000E+000   0.196255E+001
      1.1200    0.000000E+000  -0.328527E+004  -0.328527E+004  -0.657054E+004   0.000000E+000   0.196214E+001
      1.1300    0.000000E+000  -0.328495E+004  -0.328495E+004  -0.656990E+004   0.000000E+000   0.196173E+001
      1.1400    0.000000E+000  -0.328458E+004  -0.328458E+004  -0.656915E+004   0.000000E+000   0.196132E+001
      1.1500    0.000000E+000  -0.328415E+004  -0.328415E+004  -0.656831E+004   0.000000E+000   0.196091E+001
      1.1600    0.000000E+000  -0.328368E+004  -0.328368E+004  -0.656736E+004   0.000000E+000   0.196050E+001
      1.1700    0.000000E+000  -0.328316E+004  -0.328316E+004  -0.656633E+004   0.000000E+000   0.196009E+001
      1.1800    0.000000E+000  -0.328260E+004  -0.328260E+004  -0.656520E+004   0.000000E+000   0.195968E+001
      1.1900    0.000000E+000  -0.328200E+004  -0.328200E+004  -0.656399E+004   0.000000E+000   0.195927E+001
      1.2000    0.000000E+000  -0.328135E+004  -0.328135E+004  -0.656271E+004   0.000000E+000   0.195886E+001
      1.2100    0.000000E+000  -0.328067E+004  -0.328067E+004  -0.656134E+004   0.000000E+000   0.195845E+001
      1.2200    0.000000E+000  -0.327995E+004  -0.327995E+004  -0.655990E+004   0.000000E+000   0.195804E+001
      1.2300    0.000000E+000  -0.327920E+004  -0.327920E+004  -0.655840E+004   0.000000E+000   0.195763E+001
      1.2400    0.000000E+000  -0.327841E+004  -0.327841E+004  -0.655683E+004   0.000000E+000   0.195722E+001
      1.2500    0.000000E+000  -0.327760E+004  -0.327760E+004  -0.655519E+004   0.000000E+000   0.195682E+001
      1.2600    0.000000E+000  -0.327675E+004  -0.327675E+004  -0.655350E+004   0.000000E+000   0.195641E+001
      1.2700    0.000000E+000  -0.327587E+004  -0.327587E+004  -0.655174E+004   0.000000E+000   0.195600E+001
      1.2800    0.000000E+000  -0.327497E+004  -0.327497E+004  -0.654994E+004   0.000000E+000   0.195559E+001
      1.2900    0.000000E+000  -0.327404E+004  -0.327404E+004  -0.654808E+004   0.000000E+000   0.195518E+001
      1.3000    0.000000E+000  -0.327309E+004  -0.327309E+004  -0.654617E+004   0.000000E+000   0.195477E+001
      1.3100    0.000000E+000  -0.327211E+004  -0.327211E+004  -0.654422E+004   0.000000E+000   0.195436E+001
      1.3200    0.000000E+000  -0.327111E+004  -0.327111E+004  -0.654222E+004   0.000000E+000   0.195395E+001
      1.3300    0.000000E+000  -0.327009E+004  -0.327009E+004  -0.654018E+004   0.000000E+000   0.195355E+001
      1.3400    0.000000E+000  -0.326905E+004  -0.326905E+004  -0.653810E+004   0.000000E+000   0.195314E+001
      1.3500    0.000000E+000  -0.326799E+004  -0.326799E+004  -0.653598E+004   0.000000E+000   0.195273E+001
      1.3600    0.000000E+000  -0.326691E+004  -0.326691E+004  -0.653382E+004   0.000000E+000   0.195232E+001
      1.3700    0.000000E+000  -0.326582E+004  -0.326582E+004  -0.653163E+004   0.000000E+000   0.195191E+001
      1.3800    0.000000E+000  -0.326471E+004  -0.326471E+004  -0.652941E+004   0.000000E+000   0.195151E+001
      1.3900    0.000000E+000  -0.326358E+004  -0.326358E+004  -0.652716E+004   0.000000E+000   0.195110E+001
      1.4000    0.000000E+000  -0.326244E+004  -0.326244E+004  -0.652488E+004   0.000000E+000   0.195069E+001
      1.4100    0.000000E+000  -0.326128E+004  -0.326128E+004  -0.652257E+004   0.000000E+000   0.195028E+001
      1.4200    0.000000E+000  -0.326011E+004  -0.326011E+004  -0.652023E+004   0.000000E+000   0.194988E+001
      1.4300    0.000000E+000  -0.325893E+004  -0.325893E+004  -0.651787E+004   0.000000E+000   0.194947E+001
      1.4400    0.000000E+000  -0.325774E+004  -0.325774E+004  -0.651548E+004   0.000000E+000   0.194906E+001
      1.4500    0.000000E+000  -0.325654E+004  -0.325654E+004  -0.651308E+004   0.000000E+000   0.194866E+001
      1.4600    0.000000E+000  -0.325532E+004  -0.325532E+004  -0.651065E+004   0.000000E+000   0.194825E+001
      1.4700    0.000000E+000  -0.325410E+004  -0.325410E+004  -0.650820E+004   0.454747E-012   0.194784E+001
      1.4800    0.000000E+000  -0.325287E+004  -0.325287E+004  -0.650573E+004   0.000000E+000   0.194744E+001
      1.4900    0.000000E+000  -0.325162E+004  -0.325162E+004  -0.650325E+004   0.000000E+000   0.194703E+001
      1.5000    0.000000E+000  -0.325037E+004  -0.325037E+004  -0.650074E+004   0.000000E+000   0.194663E+001
      1.5100    0.000000E+000  -0.324911E+004  -0.324911E+004  -0.649823E+004  -0.454747E-012   0.194622E+001
      1.5200    0.000000E+000  -0.324785E+004  -0.324785E+004  -0.649569E+004   0.000000E+000   0.194582E+001
      1.5300    0.000000E+000  -0.324657E+004  -0.324657E+004  -0.649315E+004   0.000000E+000   0.194541E+001
      1.5400    0.000000E+000  -0.324529E+004  -0.324529E+004  -0.649059E+004  -0.909495E-012   0.194500E+001
      1.5500    0.000000E+000  -0.324401E+004  -0.324401E+004  -0.648801E+004   0.000000E+000   0.194460E+001
      1.5600    0.000000E+000  -0.324271E+004  -0.324271E+004  -0.648543E+004  -0.909495E-012   0.194420E+001
      1.5700    0.000000E+000  -0.324142E+004  -0.324142E+004  -0.648283E+004   0.000000E+000   0.194379E+001
      1.5800    0.000000E+000  -0.324011E+004  -0.324011E+004  -0.648023E+004   0.000000E+000   0.194339E+001
      1.5900    0.000000E+000  -0.323880E+004  -0.323880E+004  -0.647761E+004   0.000000E+000   0.194298E+001
      1.6000    0.000000E+000  -0.323749E+004  -0.323749E+004  -0.647498E+004   0.000000E+000   0.194258E+001
      1.6100    0.000000E+000  -0.323618E+004  -0.323618E+004  -0.647235E+004   0.000000E+000   0.194217E+001
      1.6200    0.000000E+000  -0.323485E+004  -0.323485E+004  -0.646971E+004   0.000000E+000   0.194177E+001
      1.6300    0.000000E+000  -0.323353E+004  -0.323353E+004  -0.646706E+004   0.000000E+000   0.194137E+001
      1.6400    0.000000E+000  -0.323220E+004  -0.323220E+004  -0.646440E+004   0.000000E+000   0.194096E+001
      1.6500    0.000000E+000  -0.323087E+004  -0.323087E+004  -0.646174E+004   0.000000E+000   0.194056E+001
      1.6600    0.000000E+000  -0.322954E+004  -0.322954E+004  -0.645907E+004   0.000000E+000   0.194016E+001
      1.6700    0.000000E+000  -0.322820E+004  -0.322820E+004  -0.645640E+004   0.000000E+000   0.193975E+001
      1.6800    0.000000E+000  -0.322686E+004  -0.322686E+004  -0.645372E+004   0.000000E+000   0.193935E+001
      1.6900    0.000000E+000  -0.322552E+004  -0.322552E+004  -0.645103E+004   0.000000E+000   0.193895E+001
      1.7000    0.000000E+000  -0.322417E+004  -0.322417E+004  -0.644834E+004   0.000000E+000   0.193854E+001
      1.7100    0.000000E+000  -0.322282E+004  -0.322282E+004  -0.644565E+004   0.000000E+000   0.193814E+001
      1.7200    0.000000E+000  -0.322148E+004  -0.322148E+004  -0.644295E+004   0.454747E-012   0.193774E+001
      1.7300    0.000000E+000  -0.322013E+004  -0.322013E+004  -0.644025E+004   0.454747E-012   0.193734E+001
      1.7400    0.000000E+000  -0.321877E+004  -0.321877E+004  -0.643755E+004   0.136424E-011   0.193694E+001
      1.7500    0.000000E+000  -0.321742E+004  -0.321742E+004  -0.643484E+004   0.454747E-012   0.193653E+001
      1.7600    0.000000E+000  -0.321606E+004  -0.321606E+004  -0.643213E+004   0.000000E+000   0.193613E+001
      1.7700    0.000000E+000  -0.321471E+004  -0.321471E+004  -0.642941E+004   0.000000E+000   0.193573E+001
      1.7800    0.000000E+000  -0.321335E+004  -0.321335E+004  -0.642670E+004   0.454747E-012   0.193533E+001
      1.7900    0.000000E+000  -0.321199E+004  -0.321199E+004  -0.642398E+004   0.000000E+000   0.193493E+001
      1.8000    0.000000E+000  -0.321063E+004  -0.321063E+004  -0.642126E+004   0.454747E-012   0.193453E+001
      1.8100    0.000000E+000  -0.320927E+004  -0.320927E+004  -0.641854E+004   0.000000E+000   0.193413E+001
      1.8200    0.000000E+000  -0.320791E+004  -0.320791E+004  -0.641582E+004   0.000000E+000   0.193373E+001
      1.8300    0.000000E+000  -0.320655E+004  -0.320655E+004  -0.641310E+004   0.000000E+000   0.193333E+001
      1.8400    0.000000E+000  -0.320519E+004  -0.320519E+004  -0.641037E+004   0.000000E+000   0.193293E+001
      1.8500    0.000000E+000  -0.320382E+004  -0.320382E+004  -0.640764E+004   0.000000E+000   0.193253E+001
      1.8600    0.000000E+000  -0.320246E+004  -0.320246E+004  -0.640492E+004   0.000000E+000   0.193213E+001
      1.8700    0.000000E+000  -0.320109E+004  -0.320109E+004  -0.640219E+004   0.000000E+000   0.193173E+001
      1.8800    0.000000E+000  -0.319973E+004  -0.319973E+004  -0.639946E+004   0.000000E+000   0.193133E+001
      1.8900    0.000000E+000  -0.319837E+004  -0.319837E+004  -0.639673E+004   0.000000E+000   0.193093E+001
      1.9000    0.000000E+000  -0.319700E+004  -0.319700E+004  -0.639400E+004   0.000000E+000   0.193053E+001
      1.9100    0.000000E+000  -0.319564E+004  -0.319564E+004  -0.639127E+004   0.000000E+000   0.193013E+001
      1.9200    0.000000E+000  -0.319427E+004  -0.319427E+004  -0.638854E+004   0.000000E+000   0.192973E+001
      1.9300    0.000000E+000  -0.319291E+004  -0.319291E+004  -0.638582E+004   0.000000E+000   0.192933E+001
      1.9400    0.000000E+000  -0.319154E+004  -0.319154E+004  -0.638309E+004   0.000000E+000   0.192893E+001
      1.9500    0.000000E+000  -0.319018E+004  -0.319018E+004  -0.638036E+004   0.000000E+000   0.192854E+001
      1.9600    0.000000E+000  -0.318881E+004  -0.318881E+004  -0.637763E+004   0.000000E+000   0.192814E+001
      1.9700    0.000000E+000  -0.318745E+004  -0.318745E+004  -0.637490E+004   0.000000E+000   0.192774E+001
      1.9800    0.000000E+000  -0.318608E+004  -0.318608E+004  -0.637217E+004   0.000000E+000   0.192734E+001
      1.9900    0.000000E+000  -0.318472E+004  -0.318472E+004  -0.636944E+004   0.000000E+000   0.192694E+001
      2.0000    0.000000E+000  -0.318336E+004  -0.318336E+004  -0.636671E+004   0.000000E+000   0.192655E+001
      2.0100    0.000000E+000  -0.318199E+004  -0.318199E+004  -0.636399E+004   0.000000E+000   0.192615E+001
      2.0200    0.000000E+000  -0.318063E+004  -0.318063E+004  -0.636126E+004   0.000000E+000   0.192575E+001
      2.0300    0.000000E+000  -0.317927E+004  -0.317927E+004  -0.635853E+004   0.000000E+000   0.192535E+001
      2.0400    0.000000E+000  -0.317790E+004  -0.317790E+004  -0.635581E+004   0.000000E+000   0.192496E+001
      2.0500    0.000000E+000  -0.317654E+004  -0.317654E+004  -0.635308E+004   0.000000E+000   0.192456E+001
      2.0600    0.000000E+000  -0.317518E+004  -0.317518E+004  -0.635036E+004   0.000000E+000   0.192416E+001
      2.0700    0.000000E+000  -0.317382E+004  -0.317382E+004  -0.634764E+004   0.000000E+000   0.192377E+001
      2.0800    0.000000E+000  -0.317246E+004  -0.317246E+004  -0.634491E+004  -0.454747E-012   0.192337E+001
      2.0900    0.000000E+000  -0.317110E+004  -0.317110E+004  -0.634219E+004   0.000000E+000   0.192298E+001
      2.1000    0.000000E+000  -0.316974E+004  -0.316974E+004  -0.633947E+004   0.000000E+000   0.192258E+001
      2.1100    0.000000E+000  -0.316838E+004  -0.316838E+004  -0.633675E+004   0.000000E+000   0.192219E+001
      2.1200    0.000000E+000  -0.316702E+004  -0.316702E+004  -0.633403E+004   0.000000E+000   0.192179E+001
      2.1300    0.000000E+000  -0.316566E+004  -0.316566E+004  -0.633131E+004   0.000000E+000   0.192139E+001
      2.1400    0.000000E+000  -0.316430E+004  -0.316430E+004  -0.632860E+004   0.000000E+000   0.192100E+001
      2.1500    0.000000E+000  -0.316294E+004  -0.316294E+004  -0.632588E+004   0.000000E+000   0.192060E+001
      2.1600    0.000000E+000  -0.316158E+004  -0.316158E+004  -0.632317E+004   0.000000E+000   0.192021E+001
      2.1700    0.000000E+000  -0.316023E+004  -0.316023E+004  -0.632045E+004   0.000000E+000   0.191982E+001
      2.1800    0.000000E+000  -0.315887E+004  -0.315887E+004  -0.631774E+004   0.000000E+000   0.191942E+001
      2.1900    0.000000E+000  -0.315751E+004  -0.315751E+004  -0.631503E+004   0.000000E+000   0.191903E+001
      2.2000    0.000000E+000  -0.315616E+004  -0.315616E+004  -0.631232E+004   0.000000E+000   0.191863E+001
      2.2100    0.000000E+000  -0.315480E+004  -0.315480E+004  -0.630961E+004   0.000000E+000   0.191824E+001
      2.2200    0.000000E+000  -0.315345E+004  -0.315345E+004  -0.630690E+004   0.000000E+000   0.191784E+001
      2.2300    0.000000E+000  -0.315210E+004  -0.315210E+004  -0.630419E+004   0.000000E+000   0.191745E+001
      2.2400    0.000000E+000  -0.315074E+004  -0.315074E+004  -0.630149E+004   0.000000E+000   0.191706E+001
      2.2500    0.000000E+000  -0.314939E+004  -0.314939E+004  -0.629878E+004   0.000000E+000   0.191666E+001
      2.2600    0.000000E+000  -0.314804E+004  -0.314804E+004  -0.629608E+004   0.000000E+000   0.191627E+001
      2.2700    0.000000E+000  -0.314669E+004  -0.314669E+004  -0.629337E+004   0.454747E-012   0.191588E+001
      2.2800    0.000000E+000  -0.314534E+004  -0.314534E+004  -0.629067E+004   0.000000E+000   0.191549E+001
      2.2900    0.000000E+000  -0.314399E+004  -0.314399E+004  -0.628797E+004   0.000000E+000   0.191509E+001
      2.3000    0.000000E+000  -0.314264E+004  -0.314264E+004  -0.628527E+004   0.000000E+000   0.191470E+001
      2.3100    0.000000E+000  -0.314129E+004  -0.314129E+004  -0.628258E+004   0.000000E+000   0.191431E+001
      2.3200    0.000000E+000  -0.313994E+004  -0.313994E+004  -0.627988E+004   0.000000E+000   0.191392E+001
      2.3300    0.000000E+000  -0.313859E+004  -0.313859E+004  -0.627718E+004   0.000000E+000   0.191353E+001
      2.3400    0.000000E+000  -0.313724E+004  -0.313724E+004  -0.627449E+004   0.000000E+000   0.191313E+001
      2.3500    0.000000E+000  -0.313590E+004  -0.313590E+004  -0.627180E+004   0.000000E+000   0.191274E+001
      2.3600    0.000000E+000  -0.313455E+004  -0.313455E+004  -0.626910E+004   0.000000E+000   0.191235E+001
      2.3700    0.000000E+000  -0.313321E+004  -0.313321E+004  -0.626641E+004   0.000000E+000   0.191196E+001
      2.3800    0.000000E+000  -0.313186E+004  -0.313186E+004  -0.626372E+004   0.000000E+000   0.191157E+001
      2.3900    0.000000E+000  -0.313052E+004  -0.313052E+004  -0.626103E+004   0.000000E+000   0.191118E+001
      2.4000    0.000000E+000  -0.312917E+004  -0.312917E+004  -0.625835E+004   0.000000E+000   0.191079E+001
      2.4100    0.000000E+000  -0.312783E+004  -0.312783E+004  -0.625566E+004   0.000000E+000   0.191040E+001
      2.4200    0.000000E+000  -0.312649E+004  -0.312649E+004  -0.625298E+004   0.000000E+000   0.191001E+001
      2.4300    0.000000E+000  -0.312515E+004  -0.312515E+004  -0.625029E+004   0.000000E+000   0.190962E+001
      2.4400    0.000000E+000  -0.312381E+004  -0.312381E+004  -0.624761E+004   0.000000E+000   0.190923E+001
      2.4500    0.000000E+000  -0.312247E+004  -0.312247E+004  -0.624493E+004   0.000000E+000   0.190884E+001
      2.4600    0.000000E+000  -0.312113E+004  -0.312113E+004  -0.624225E+004   0.000000E+000   0.190845E+001
      2.4700    0.000000E+000  -0.311979E+004  -0.311979E+004  -0.623957E+004   0.000000E+000   0.190806E+001
      2.4800    0.000000E+000  -0.311845E+004  -0.311845E+004  -0.623689E+004   0.000000E+000   0.190767E+001
      2.4900    0.000000E+000  -0.311711E+004  -0.311711E+004  -0.623422E+004  -0.454747E-012   0.190728E+001
      2.5000    0.000000E+000  -0.311577E+004  -0.311577E+004  -0.623154E+004   0.000000E+000   0.190689E+001
      2.5100    0.000000E+000  -0.311443E+004  -0.311443E+004  -0.622887E+004   0.000000E+000   0.190650E+001
      2.5200    0.000000E+000  -0.311310E+004  -0.311310E+004  -0.622620E+004   0.000000E+000   0.190611E+001
      2.5300    0.000000E+000  -0.311176E+004  -0.311176E+004  -0.622352E+004   0.000000E+000   0.190572E+001
      2.5400    0.000000E+000  -0.311043E+004  -0.311043E+004  -0.622085E+004   0.000000E+000   0.190533E+001
      2.5500    0.000000E+000  -0.310909E+004  -0.310909E+004  -0.621818E+004   0.000000E+000   0.190495E+001
      2.5600    0.000000E+000  -0.310776E+004  -0.310776E+004  -0.621552E+004   0.000000E+000   0.190456E+001
      2.5700    0.000000E+000  -0.310643E+004  -0.310643E+004  -0.621285E+004   0.000000E+000   0.190417E+001
      2.5800    0.000000E+000  -0.310509E+004  -0.310509E+004  -0.621018E+004   0.000000E+000   0.190378E+001
      2.5900    0.000000E+000  -0.310376E+004  -0.310376E+004  -0.620752E+004   0.000000E+000   0.190340E+001
      2.6000    0.000000E+000  -0.310243E+004  -0.310243E+004  -0.620486E+004   0.000000E+000   0.190301E+001
      2.6100    0.000000E+000  -0.310110E+004  -0.310110E+004  -0.620220E+004   0.000000E+000   0.190262E+001
      2.6200    0.000000E+000  -0.309977E+004  -0.309977E+004  -0.619953E+004   0.000000E+000   0.190223E+001
      2.6300    0.000000E+000  -0.309844E+004  -0.309844E+004  -0.619688E+004   0.000000E+000   0.190185E+001
      2.6400    0.000000E+000  -0.309711E+004  -0.309711E+004  -0.619422E+004   0.000000E+000   0.190146E+001
      2.6500    0.000000E+000  -0.309578E+004  -0.309578E+004  -0.619156E+004   0.000000E+000   0.190107E+001
      2.6600    0.000000E+000  -0.309445E+004  -0.309445E+004  -0.618890E+004   0.000000E+000   0.190069E+001
      2.6700    0.000000E+000  -0.309312E+004  -0.309312E+004  -0.618625E+004   0.000000E+000   0.190030E+001
      2.6800    0.000000E+000  -0.309180E+004  -0.309180E+004  -0.618360E+004   0.000000E+000   0.189991E+001
      2.6900    0.000000E+000  -0.309047E+004  -0.309047E+004  -0.618094E+004   0.000000E+000   0.189953E+001
      2.7000    0.000000E+000  -0.308915E+004  -0.308915E+004  -0.617829E+004   0.000000E+000   0.189914E+001
      2.7100    0.000000E+000  -0.308782E+004  -0.308782E+004  -0.617564E+004   0.000000E+000   0.189876E+001
      2.7200    0.000000E+000  -0.308650E+004  -0.308650E+004  -0.617299E+004   0.000000E+000   0.189837E+001
      2.7300    0.000000E+000  -0.308517E+004  -0.308517E+004  -0.617034E+004   0.000000E+000   0.189799E+001
      2.7400    0.000000E+000  -0.308385E+004  -0.308385E+004  -0.616770E+004   0.000000E+000   0.189760E+001
      2.7500    0.000000E+000  -0.308253E+004  -0.308253E+004  -0.616505E+004   0.000000E+000   0.189722E+001
      2.7600    0.000000E+000  -0.308120E+004  -0.308120E+004  -0.616241E+004   0.000000E+000   0.189683E+001
      2.7700    0.000000E+000  -0.307988E+004  -0.307988E+004  -0.615977E+004   0.000000E+000   0.189645E+001
      2.7800    0.000000E+000  -0.307856E+004  -0.307856E+004  -0.615712E+004   0.000000E+000   0.189606E+001
      2.7900    0.000000E+000  -0.307724E+004  -0.307724E+004  -0.615448E+004   0.000000E+000   0.189568E+001
      2.8000    0.000000E+000  -0.307592E+004  -0.307592E+004  -0.615184E+004   0.000000E+000   0.189530E+001
      2.8100    0.000000E+000  -0.307460E+004  -0.307460E+004  -0.614920E+004   0.000000E+000   0.189491E+001
      2.8200    0.000000E+000  -0.307328E+004  -0.307328E+004  -0.614657E+004   0.000000E+000   0.189453E+001
      2.8300    0.000000E+000  -0.307197E+004  -0.307197E+004  -0.614393E+004   0.000000E+000   0.189414E+001
      2.8400    0.000000E+000  -0.307065E+004  -0.307065E+004  -0.614130E+004   0.000000E+000   0.189376E+001
      2.8500    0.000000E+000  -0.306933E+004  -0.306933E+004  -0.613866E+004   0.000000E+000   0.189338E+001
      2.8600    0.000000E+000  -0.306801E+004  -0.306801E+004  -0.613603E+004   0.000000E+000   0.189299E+001
      2.8700    0.000000E+000  -0.306670E+004  -0.306670E+004  -0.613340E+004   0.000000E+000   0.189261E+001
      2.8800    0.000000E+000  -0.306538E+004  -0.306538E+004  -0.613077E+004   0.000000E+000   0.189223E+001
      2.8900    0.000000E+000  -0.306407E+004  -0.306407E+004  -0.612814E+004   0.000000E+000   0.189185E+001
      2.9000    0.000000E+000  -0.306276E+004  -0.306276E+004  -0.612551E+004   0.000000E+000   0.189146E+001
      2.9100    0.000000E+000  -0.306144E+004  -0.306144E+004  -0.612288E+004   0.000000E+000   0.189108E+001
      2.9200    0.000000E+000  -0.306013E+004  -0.306013E+004  -0.612026E+004   0.000000E+000   0.189070E+001
      2.9300    0.000000E+000  -0.305882E+004  -0.305882E+004  -0.611763E+004   0.000000E+000   0.189032E+001
      2.9400    0.000000E+000  -0.305750E+004  -0.305750E+004  -0.611501E+004   0.454747E-012   0.188994E+001
      2.9500    0.000000E+000  -0.305619E+004  -0.305619E+004  -0.611239E+004   0.000000E+000   0.188955E+001
      2.9600    0.000000E+000  -0.305488E+004  -0.305488E+004  -0.610977E+004   0.000000E+000   0.188917E+001
      2.9700    0.000000E+000  -0.305357E+004  -0.305357E+004  -0.610715E+004   0.000000E+000   0.188879E+001
      2.9800    0.000000E+000  -0.305226E+004  -0.305226E+004  -0.610453E+004   0.000000E+000   0.188841E+001
      2.9900    0.000000E+000  -0.305095E+004  -0.305095E+004  -0.610191E+004   0.000000E+000   0.188803E+001
      3.0000    0.000000E+000  -0.304965E+004  -0.304965E+004  -0.609929E+004   0.000000E+000   0.188765E+001
      3.0100    0.000000E+000  -0.304834E+004  -0.304834E+004  -0.609668E+004   0.000000E+000   0.188727E+001
      3.0200    0.000000E+000  -0.304703E+004  -0.304703E+004  -0.609406E+004   0.000000E+000   0.188689E+001
      3.0300    0.000000E+000  -0.304572E+004  -0.304572E+004  -0.609145E+004   0.000000E+000   0.188651E+001
      3.0400    0.000000E+000  -0.304442E+004  -0.304442E+004  -0.608884E+004   0.000000E+000   0.188613E+001
      3.0500    0.000000E+000  -0.304311E+004  -0.304311E+004  -0.608623E+004   0.000000E+000   0.188575E+001
      3.0600    0.000000E+000  -0.304181E+004  -0.304181E+004  -0.608362E+004   0.000000E+000   0.188537E+001
      3.0700    0.000000E+000  -0.304050E+004  -0.304050E+004  -0.608101E+004   0.000000E+000   0.188499E+001
      3.0800    0.000000E+000  -0.303920E+004  -0.303920E+004  -0.607840E+004   0.000000E+000   0.188461E+001
      3.0900    0.000000E+000  -0.303790E+004  -0.303790E+004  -0.607579E+004   0.000000E+000   0.188423E+001
      3.1000    0.000000E+000  -0.303659E+004  -0.303659E+004  -0.607319E+004   0.000000E+000   0.188385E+001
      3.1100    0.000000E+000  -0.303529E+004  -0.303529E+004  -0.607058E+004   0.000000E+000   0.188347E+001
      3.1200    0.000000E+000  -0.303399E+004  -0.303399E+004  -0.606798E+004   0.000000E+000   0.188309E+001
      3.1300    0.000000E+000  -0.303269E+004  -0.303269E+004  -0.606538E+004   0.000000E+000   0.188271E+001
      3.1400    0.000000E+000  -0.303139E+004  -0.303139E+004  -0.606278E+004   0.000000E+000   0.188234E+001
      3.1500    0.000000E+000  -0.303009E+004  -0.303009E+004  -0.606018E+004   0.000000E+000   0.188196E+001
      3.1600    0.000000E+000  -0.302879E+004  -0.302879E+004  -0.605758E+004   0.000000E+000   0.188158E+001
      3.1700    0.000000E+000  -0.302749E+004  -0.302749E+004  -0.605498E+004   0.000000E+000   0.188120E+001
      3.1800    0.000000E+000  -0.302619E+004  -0.302619E+004  -0.605239E+004   0.000000E+000   0.188082E+001
      3.1900    0.000000E+000  -0.302490E+004  -0.302490E+004  -0.604979E+004   0.000000E+000   0.188045E+001
      3.2000    0.000000E+000  -0.302360E+004  -0.302360E+004  -0.604720E+004   0.000000E+000   0.188007E+001
      3.2100    0.000000E+000  -0.302230E+004  -0.302230E+004  -0.604460E+004   0.000000E+000   0.187969E+001
      3.2200    0.000000E+000  -0.302101E+004  -0.302101E+004  -0.604201E+004   0.000000E+000   0.187931E+001
      3.2300    0.000000E+000  -0.301971E+004  -0.301971E+004  -0.603942E+004   0.000000E+000   0.187894E+001
      3.2400    0.000000E+000  -0.301842E+004  -0.301842E+004  -0.603683E+004   0.000000E+000   0.187856E+001
      3.2500    0.000000E+000  -0.301712E+004  -0.301712E+004  -0.603424E+004   0.000000E+000   0.187818E+001
      3.2600    0.000000E+000  -0.301583E+004  -0.301583E+004  -0.603165E+004   0.000000E+000   0.187781E+001
      3.2700    0.000000E+000  -0.301453E+004  -0.301453E+004  -0.602907E+004   0.000000E+000   0.187743E+001
      3.2800    0.000000E+000  -0.301324E+004  -0.301324E+004  -0.602648E+004   0.000000E+000   0.187705E+001
      3.2900    0.000000E+000  -0.301195E+004  -0.301195E+004  -0.602390E+004   0.000000E+000   0.187668E+001
      3.3000    0.000000E+000  -0.301066E+004  -0.301066E+004  -0.602132E+004   0.000000E+000   0.187630E+001
      3.3100    0.000000E+000  -0.300937E+004  -0.300937E+004  -0.601873E+004   0.000000E+000   0.187593E+001
      3.3200    0.000000E+000  -0.300808E+004  -0.300808E+004  -0.601615E+004   0.000000E+000   0.187555E+001
      3.3300    0.000000E+000  -0.300679E+004  -0.300679E+004  -0.601357E+004   0.000000E+000   0.187517E+001
      3.3400    0.000000E+000  -0.300550E+004  -0.300550E+004  -0.601100E+004   0.000000E+000   0.187480E+001
      3.3500    0.000000E+000  -0.300421E+004  -0.300421E+004  -0.600842E+004   0.000000E+000   0.187442E+001
      3.3600    0.000000E+000  -0.300292E+004  -0.300292E+004  -0.600584E+004   0.000000E+000   0.187405E+001
      3.3700    0.000000E+000  -0.300163E+004  -0.300163E+004  -0.600327E+004   0.000000E+000   0.187367E+001
      3.3800    0.000000E+000  -0.300035E+004  -0.300035E+004  -0.600069E+004   0.000000E+000   0.187330E+001
      3.3900    0.000000E+000  -0.299906E+004  -0.299906E+004  -0.599812E+004   0.000000E+000   0.187293E+001
      3.4000    0.000000E+000  -0.299777E+004  -0.299777E+004  -0.599555E+004   0.000000E+000   0.187255E+001
      3.4100    0.000000E+000  -0.299649E+004  -0.299649E+004  -0.599298E+004   0.000000E+000   0.187218E+001
      3.4200    0.000000E+000  -0.299520E+004  -0.299520E+004  -0.599041E+004   0.000000E+000   0.187180E+001
      3.4300    0.000000E+000  -0.299392E+004  -0.299392E+004  -0.598784E+004   0.000000E+000   0.187143E+001
      3.4400    0.000000E+000  -0.299264E+004  -0.299264E+004  -0.598527E+004   0.000000E+000   0.187106E+001
      3.4500    0.000000E+000  -0.299135E+004  -0.299135E+004  -0.598270E+004   0.000000E+000   0.187068E+001
      3.4600    0.000000E+000  -0.299007E+004  -0.299007E+004  -0.598014E+004   0.000000E+000   0.187031E+001
      3.4700    0.000000E+000  -0.298879E+004  -0.298879E+004  -0.597757E+004   0.909495E-012   0.186994E+001
      3.4800    0.000000E+000  -0.298751E+004  -0.298751E+004  -0.597501E+004   0.000000E+000   0.186956E+001
      3.4900    0.000000E+000  -0.298622E+004  -0.298622E+004  -0.597245E+004   0.000000E+000   0.186919E+001
      3.5000    0.000000E+000  -0.298494E+004  -0.298494E+004  -0.596989E+004   0.136424E-011   0.186882E+001
      3.5100    0.000000E+000  -0.298366E+004  -0.298366E+004  -0.596733E+004   0.454747E-012   0.186844E+001
      3.5200    0.000000E+000  -0.298239E+004  -0.298239E+004  -0.596477E+004   0.909495E-012   0.186807E+001
      3.5300    0.000000E+000  -0.298111E+004  -0.298111E+004  -0.596221E+004   0.909495E-012   0.186770E+001
      3.5400    0.000000E+000  -0.297983E+004  -0.297983E+004  -0.595966E+004   0.000000E+000   0.186733E+001
      3.5500    0.000000E+000  -0.297855E+004  -0.297855E+004  -0.595710E+004   0.000000E+000   0.186696E+001
      3.5600    0.000000E+000  -0.297727E+004  -0.297727E+004  -0.595455E+004   0.000000E+000   0.186658E+001
      3.5700    0.000000E+000  -0.297600E+004  -0.297600E+004  -0.595199E+004   0.000000E+000   0.186621E+001
      3.5800    0.000000E+000  -0.297472E+004  -0.297472E+004  -0.594944E+004   0.454747E-012   0.186584E+001
      3.5900    0.000000E+000  -0.297345E+004  -0.297345E+004  -0.594689E+004   0.454747E-012   0.186547E+001
      3.6000    0.000000E+000  -0.297217E+004  -0.297217E+004  -0.594434E+004   0.454747E-012   0.186510E+001
      3.6100    0.000000E+000  -0.297090E+004  -0.297090E+004  -0.594179E+004   0.454747E-012   0.186473E+001
      3.6200    0.000000E+000  -0.296962E+004  -0.296962E+004  -0.593924E+004   0.000000E+000   0.186436E+001
      3.6300    0.000000E+000  -0.296835E+004  -0.296835E+004  -0.593670E+004   0.909495E-012   0.186399E+001
      3.6400    0.000000E+000  -0.296708E+004  -0.296708E+004  -0.593415E+004   0.454747E-012   0.186362E+001
      3.6500    0.000000E+000  -0.296580E+004  -0.296580E+004  -0.593161E+004   0.454747E-012   0.186325E+001
      3.6600    0.000000E+000  -0.296453E+004  -0.296453E+004  -0.592906E+004   0.454747E-012   0.186288E+001
      3.6700    0.000000E+000  -0.296326E+004  -0.296326E+004  -0.592652E+004   0.000000E+000   0.186251E+001
      3.6800    0.000000E+000  -0.296199E+004  -0.296199E+004  -0.592398E+004   0.000000E+000   0.186214E+001
      3.6900    0.000000E+000  -0.296072E+004  -0.296072E+004  -0.592144E+004   0.454747E-012   0.186177E+001
      3.7000    0.000000E+000  -0.295945E+004  -0.295945E+004  -0.591890E+004   0.454747E-012   0.186140E+001
      3.7100    0.000000E+000  -0.295818E+004  -0.295818E+004  -0.591636E+004   0.909495E-012   0.186103E+001
      3.7200    0.000000E+000  -0.295691E+004  -0.295691E+004  -0.591383E+004   0.000000E+000   0.186066E+001
      3.7300    0.000000E+000  -0.295565E+004  -0.295565E+004  -0.591129E+004   0.000000E+000   0.186029E+001
      3.7400    0.000000E+000  -0.295438E+004  -0.295438E+004  -0.590876E+004   0.909495E-012   0.185992E+001
      3.7500    0.000000E+000  -0.295311E+004  -0.295311E+004  -0.590622E+004   0.000000E+000   0.185955E+001
      3.7600    0.000000E+000  -0.295185E+004  -0.295185E+004  -0.590369E+004   0.000000E+000   0.185918E+001
      3.7700    0.000000E+000  -0.295058E+004  -0.295058E+004  -0.590116E+004   0.000000E+000   0.185881E+001
      3.7800    0.000000E+000  -0.294931E+004  -0.294931E+004  -0.589863E+004   0.000000E+000   0.185845E+001
      3.7900    0.000000E+000  -0.294805E+004  -0.294805E+004  -0.589610E+004   0.000000E+000   0.185808E+001
      3.8000    0.000000E+000  -0.294679E+004  -0.294679E+004  -0.589357E+004   0.000000E+000   0.185771E+001
      3.8100    0.000000E+000  -0.294552E+004  -0.294552E+004  -0.589104E+004   0.000000E+000   0.185734E+001
      3.8200    0.000000E+000  -0.294426E+004  -0.294426E+004  -0.588852E+004   0.000000E+000   0.185698E+001
      3.8300    0.000000E+000  -0.294300E+004  -0.294300E+004  -0.588599E+004   0.000000E+000   0.185661E+001
      3.8400    0.000000E+000  -0.294173E+004  -0.294173E+004  -0.588347E+004   0.454747E-012   0.185624E+001
      3.8500    0.000000E+000  -0.294047E+004  -0.294047E+004  -0.588095E+004   0.000000E+000   0.185587E+001
      3.8600    0.000000E+000  -0.293921E+004  -0.293921E+004  -0.587842E+004   0.909495E-012   0.185551E+001
      3.8700    0.000000E+000  -0.293795E+004  -0.293795E+004  -0.587590E+004   0.454747E-012   0.185514E+001
      3.8800    0.000000E+000  -0.293669E+004  -0.293669E+004  -0.587338E+004   0.000000E+000   0.185477E+001
      3.8900    0.000000E+000  -0.293543E+004  -0.293543E+004  -0.587087E+004   0.454747E-012   0.185441E+001
      3.9000    0.000000E+000  -0.293417E+004  -0.293417E+004  -0.586835E+004   0.454747E-012   0.185404E+001
      3.9100    0.000000E+000  -0.293292E+004  -0.293292E+004  -0.586583E+004   0.000000E+000   0.185367E+001
      3.9200    0.000000E+000  -0.293166E+004  -0.293166E+004  -0.586332E+004   0.000000E+000   0.185331E+001
      3.9300    0.000000E+000  -0.293040E+004  -0.293040E+004  -0.586080E+004   0.136424E-011   0.185294E+001
      3.9400    0.000000E+000  -0.292915E+004  -0.292915E+004  -0.585829E+004   0.454747E-012   0.185258E+001
      3.9500    0.000000E+000  -0.292789E+004  -0.292789E+004  -0.585578E+004   0.454747E-012   0.185221E+001
      3.9600    0.000000E+000  -0.292663E+004  -0.292663E+004  -0.585327E+004   0.000000E+000   0.185185E+001
      3.9700    0.000000E+000  -0.292538E+004  -0.292538E+004  -0.585076E+004   0.000000E+000   0.185148E+001
      3.9800    0.000000E+000  -0.292412E+004  -0.292412E+004  -0.584825E+004   0.000000E+000   0.185111E+001
      3.9900    0.000000E+000  -0.292287E+004  -0.292287E+004  -0.584574E+004   0.000000E+000   0.185075E+001
      4.0000    0.000000E+000  -0.292162E+004  -0.292162E+004  -0.584324E+004   0.000000E+000   0.185038E+001
      4.0100    0.000000E+000  -0.292037E+004  -0.292037E+004  -0.584073E+004   0.000000E+000   0.185002E+001
      4.0200    0.000000E+000  -0.291911E+004  -0.291911E+004  -0.583823E+004   0.000000E+000   0.184966E+001
      4.0300    0.000000E+000  -0.291786E+004  -0.291786E+004  -0.583572E+004   0.000000E+000   0.184929E+001
      4.0400    0.000000E+000  -0.291661E+004  -0.291661E+004  -0.583322E+004   0.000000E+000   0.184893E+001
      4.0500    0.000000E+000  -0.291536E+004  -0.291536E+004  -0.583072E+004   0.000000E+000   0.184856E+001
      4.0600    0.000000E+000  -0.291411E+004  -0.291411E+004  -0.582822E+004   0.000000E+000   0.184820E+001
      4.0700    0.000000E+000  -0.291286E+004  -0.291286E+004  -0.582572E+004   0.000000E+000   0.184784E+001
      4.0800    0.000000E+000  -0.291161E+004  -0.291161E+004  -0.582322E+004   0.000000E+000   0.184747E+001
      4.0900    0.000000E+000  -0.291036E+004  -0.291036E+004  -0.582072E+004   0.000000E+000   0.184711E+001
      4.1000    0.000000E+000  -0.290911E+004  -0.290911E+004  -0.581823E+004   0.000000E+000   0.184675E+001
      4.1100    0.000000E+000  -0.290787E+004  -0.290787E+004  -0.581573E+004   0.000000E+000   0.184638E+001
      4.1200    0.000000E+000  -0.290662E+004  -0.290662E+004  -0.581324E+004   0.000000E+000   0.184602E+001
      4.1300    0.000000E+000  -0.290537E+004  -0.290537E+004  -0.581075E+004   0.000000E+000   0.184566E+001
      4.1400    0.000000E+000  -0.290413E+004  -0.290413E+004  -0.580826E+004   0.000000E+000   0.184529E+001
      4.1500    0.000000E+000  -0.290288E+004  -0.290288E+004  -0.580577E+004   0.000000E+000   0.184493E+001
      4.1600    0.000000E+000  -0.290164E+004  -0.290164E+004  -0.580328E+004   0.000000E+000   0.184457E+001
      4.1700    0.000000E+000  -0.290039E+004  -0.290039E+004  -0.580079E+004   0.000000E+000   0.184421E+001
      4.1800    0.000000E+000  -0.289915E+004  -0.289915E+004  -0.579830E+004   0.000000E+000   0.184385E+001
      4.1900    0.000000E+000  -0.289791E+004  -0.289791E+004  -0.579581E+004   0.000000E+000   0.184348E+001
      4.2000    0.000000E+000  -0.289666E+004  -0.289666E+004  -0.579333E+004   0.000000E+000   0.184312E+001
      4.2100    0.000000E+000  -0.289542E+004  -0.289542E+004  -0.579085E+004   0.000000E+000   0.184276E+001
      4.2200    0.000000E+000  -0.289418E+004  -0.289418E+004  -0.578836E+004   0.000000E+000   0.184240E+001
      4.2300    0.000000E+000  -0.289294E+004  -0.289294E+004  -0.578588E+004   0.000000E+000   0.184204E+001
      4.2400    0.000000E+000  -0.289170E+004  -0.289170E+004  -0.578340E+004   0.000000E+000   0.184168E+001
      4.2500    0.000000E+000  -0.289046E+004  -0.289046E+004  -0.578092E+004   0.000000E+000   0.184132E+001
      4.2600    0.000000E+000  -0.288922E+004  -0.288922E+004  -0.577844E+004   0.000000E+000   0.184096E+001
      4.2700    0.000000E+000  -0.288798E+004  -0.288798E+004  -0.577596E+004   0.000000E+000   0.184059E+001
      4.2800    0.000000E+000  -0.288674E+004  -0.288674E+004  -0.577349E+004   0.000000E+000   0.184023E+001
      4.2900    0.000000E+000  -0.288551E+004  -0.288551E+004  -0.577101E+004   0.000000E+000   0.183987E+001
      4.3000    0.000000E+000  -0.288427E+004  -0.288427E+004  -0.576854E+004   0.000000E+000   0.183951E+001
      4.3100    0.000000E+000  -0.288303E+004  -0.288303E+004  -0.576606E+004   0.000000E+000   0.183915E+001
      4.3200    0.000000E+000  -0.288180E+004  -0.288180E+004  -0.576359E+004   0.000000E+000   0.183879E+001
      4.3300    0.000000E+000  -0.288056E+004  -0.288056E+004  -0.576112E+004   0.000000E+000   0.183843E+001
      4.3400    0.000000E+000  -0.287932E+004  -0.287932E+004  -0.575865E+004   0.000000E+000   0.183807E+001
      4.3500    0.000000E+000  -0.287809E+004  -0.287809E+004  -0.575618E+004   0.000000E+000   0.183772E+001
      4.3600    0.000000E+000  -0.287686E+004  -0.287686E+004  -0.575371E+004   0.000000E+000   0.183736E+001
      4.3700    0.000000E+000  -0.287562E+004  -0.287562E+004  -0.575125E+004   0.000000E+000   0.183700E+001
      4.3800    0.000000E+000  -0.287439E+004  -0.287439E+004  -0.574878E+004   0.000000E+000   0.183664E+001
      4.3900    0.000000E+000  -0.287316E+004  -0.287316E+004  -0.574631E+004   0.000000E+000   0.183628E+001
      4.4000    0.000000E+000  -0.287193E+004  -0.287193E+004  -0.574385E+004   0.000000E+000   0.183592E+001
      4.4100    0.000000E+000  -0.287069E+004  -0.287069E+004  -0.574139E+004   0.000000E+000   0.183556E+001
      4.4200    0.000000E+000  -0.286946E+004  -0.286946E+004  -0.573893E+004   0.000000E+000   0.183520E+001
      4.4300    0.000000E+000  -0.286823E+004  -0.286823E+004  -0.573647E+004   0.000000E+000   0.183485E+001
      4.4400    0.000000E+000  -0.286700E+004  -0.286700E+004  -0.573401E+004   0.000000E+000   0.183449E+001
      4.4500    0.000000E+000  -0.286577E+004  -0.286577E+004  -0.573155E+004   0.909495E-012   0.183413E+001
      4.4600    0.000000E+000  -0.286454E+004  -0.286454E+004  -0.572909E+004   0.000000E+000   0.183377E+001
      4.4700    0.000000E+000  -0.286332E+004  -0.286332E+004  -0.572663E+004   0.000000E+000   0.183342E+001
      4.4800    0.000000E+000  -0.286209E+004  -0.286209E+004  -0.572418E+004   0.000000E+000   0.183306E+001
      4.4900    0.000000E+000  -0.286086E+004  -0.286086E+004  -0.572172E+004   0.000000E+000   0.183270E+001
      4.5000    0.000000E+000  -0.285963E+004  -0.285963E+004  -0.571927E+004   0.000000E+000   0.183234E+001
      4.5100    0.000000E+000  -0.285841E+004  -0.285841E+004  -0.571682E+004   0.000000E+000   0.183199E+001
      4.5200    0.000000E+000  -0.285718E+004  -0.285718E+004  -0.571437E+004   0.000000E+000   0.183163E+001
      4.5300    0.000000E+000  -0.285596E+004  -0.285596E+004  -0.571192E+004   0.000000E+000   0.183127E+001
      4.5400    0.000000E+000  -0.285473E+004  -0.285473E+004  -0.570947E+004   0.000000E+000   0.183092E+001
      4.5500    0.000000E+000  -0.285351E+004  -0.285351E+004  -0.570702E+004   0.000000E+000   0.183056E+001
      4.5600    0.000000E+000  -0.285229E+004  -0.285229E+004  -0.570457E+004   0.000000E+000   0.183020E+001
      4.5700    0.000000E+000  -0.285106E+004  -0.285106E+004  -0.570213E+004   0.000000E+000   0.182985E+001
      4.5800    0.000000E+000  -0.284984E+004  -0.284984E+004  -0.569968E+004  -0.909495E-012   0.182949E+001
      4.5900    0.000000E+000  -0.284862E+004  -0.284862E+004  -0.569724E+004   0.000000E+000   0.182914E+001
      4.6000    0.000000E+000  -0.284740E+004  -0.284740E+004  -0.569479E+004   0.000000E+000   0.182878E+001
      4.6100    0.000000E+000  -0.284618E+004  -0.284618E+004  -0.569235E+004   0.000000E+000   0.182843E+001
      4.6200    0.000000E+000  -0.284496E+004  -0.284496E+004  -0.568991E+004   0.000000E+000   0.182807E+001
      4.6300    0.000000E+000  -0.284374E+004  -0.284374E+004  -0.568747E+004   0.000000E+000   0.182772E+001
      4.6400    0.000000E+000  -0.284252E+004  -0.284252E+004  -0.568503E+004   0.000000E+000   0.182736E+001
      4.6500    0.000000E+000  -0.284130E+004  -0.284130E+004  -0.568260E+004   0.000000E+000   0.182701E+001
      4.6600    0.000000E+000  -0.284008E+004  -0.284008E+004  -0.568016E+004   0.000000E+000   0.182665E+001
      4.6700    0.000000E+000  -0.283886E+004  -0.283886E+004  -0.567772E+004   0.000000E+000   0.182630E+001
      4.6800    0.000000E+000  -0.283764E+004  -0.283764E+004  -0.567529E+004   0.000000E+000   0.182594E+001
      4.6900    0.000000E+000  -0.283643E+004  -0.283643E+004  -0.567286E+004   0.909495E-012   0.182559E+001
      4.7000    0.000000E+000  -0.283521E+004  -0.283521E+004  -0.567042E+004   0.000000E+000   0.182523E+001
      4.7100    0.000000E+000  -0.283400E+004  -0.283400E+004  -0.566799E+004   0.000000E+000   0.182488E+001
      4.7200    0.000000E+000  -0.283278E+004  -0.283278E+004  -0.566556E+004   0.000000E+000   0.182453E+001
      4.7300    0.000000E+000  -0.283157E+004  -0.283157E+004  -0.566313E+004   0.000000E+000   0.182417E+001
      4.7400    0.000000E+000  -0.283035E+004  -0.283035E+004  -0.566070E+004  -0.909495E-012   0.182382E+001
      4.7500    0.000000E+000  -0.282914E+004  -0.282914E+004  -0.565828E+004   0.454747E-012   0.182347E+001
      4.7600    0.000000E+000  -0.282793E+004  -0.282793E+004  -0.565585E+004   0.000000E+000   0.182311E+001
      4.7700    0.000000E+000  -0.282671E+004  -0.282671E+004  -0.565342E+004   0.000000E+000   0.182276E+001
      4.7800    0.000000E+000  -0.282550E+004  -0.282550E+004  -0.565100E+004   0.000000E+000   0.182241E+001
      4.7900    0.000000E+000  -0.282429E+004  -0.282429E+004  -0.564858E+004   0.000000E+000   0.182206E+001
      4.8000    0.000000E+000  -0.282308E+004  -0.282308E+004  -0.564616E+004   0.000000E+000   0.182170E+001
      4.8100    0.000000E+000  -0.282187E+004  -0.282187E+004  -0.564373E+004   0.000000E+000   0.182135E+001
      4.8200    0.000000E+000  -0.282066E+004  -0.282066E+004  -0.564131E+004   0.000000E+000   0.182100E+001
      4.8300    0.000000E+000  -0.281945E+004  -0.281945E+004  -0.563890E+004   0.000000E+000   0.182065E+001
      4.8400    0.000000E+000  -0.281824E+004  -0.281824E+004  -0.563648E+004   0.000000E+000   0.182029E+001
      4.8500    0.000000E+000  -0.281703E+004  -0.281703E+004  -0.563406E+004   0.000000E+000   0.181994E+001
      4.8600    0.000000E+000  -0.281582E+004  -0.281582E+004  -0.563165E+004   0.000000E+000   0.181959E+001
      4.8700    0.000000E+000  -0.281462E+004  -0.281462E+004  -0.562923E+004   0.000000E+000   0.181924E+001
      4.8800    0.000000E+000  -0.281341E+004  -0.281341E+004  -0.562682E+004   0.000000E+000   0.181889E+001
      4.8900    0.000000E+000  -0.281220E+004  -0.281220E+004  -0.562440E+004   0.000000E+000   0.181854E+001
      4.9000    0.000000E+000  -0.281100E+004  -0.281100E+004  -0.562199E+004   0.000000E+000   0.181819E+001
      4.9100    0.000000E+000  -0.280979E+004  -0.280979E+004  -0.561958E+004   0.000000E+000   0.181784E+001
      4.9200    0.000000E+000  -0.280859E+004  -0.280859E+004  -0.561717E+004   0.000000E+000   0.181749E+001
      4.9300    0.000000E+000  -0.280738E+004  -0.280738E+004  -0.561476E+004   0.000000E+000   0.181713E+001
      4.9400    0.000000E+000  -0.280618E+004  -0.280618E+004  -0.561236E+004   0.000000E+000   0.181678E+001
      4.9500    0.000000E+000  -0.280498E+004  -0.280498E+004  -0.560995E+004   0.000000E+000   0.181643E+001
      4.9600    0.000000E+000  -0.280377E+004  -0.280377E+004  -0.560754E+004   0.000000E+000   0.181608E+001
      4.9700    0.000000E+000  -0.280257E+004  -0.280257E+004  -0.560514E+004   0.000000E+000   0.181573E+001
      4.9800    0.000000E+000  -0.280137E+004  -0.280137E+004  -0.560274E+004   0.000000E+000   0.181538E+001
      4.9900    0.000000E+000  -0.280017E+004  -0.280017E+004  -0.560033E+004   0.000000E+000   0.181503E+001
      5.0000    0.000000E+000  -0.279897E+004  -0.279897E+004  -0.559793E+004   0.000000E+000   0.181469E+001
      5.0100    0.000000E+000  -0.279777E+004  -0.279777E+004  -0.559553E+004   0.000000E+000   0.181434E+001
      5.0200    0.000000E+000  -0.279657E+004  -0.279657E+004  -0.559313E+004   0.000000E+000   0.181399E+001
      5.0300    0.000000E+000  -0.279537E+004  -0.279537E+004  -0.559074E+004   0.000000E+000   0.181364E+001
      5.0400    0.000000E+000  -0.279417E+004  -0.279417E+004  -0.558834E+004   0.000000E+000   0.181329E+001
      5.0500    0.000000E+000  -0.279297E+004  -0.279297E+004  -0.558594E+004   0.000000E+000   0.181294E+001
      5.0600    0.000000E+000  -0.279177E+004  -0.279177E+004  -0.558355E+004   0.000000E+000   0.181259E+001
      5.0700    0.000000E+000  -0.279058E+004  -0.279058E+004  -0.558115E+004   0.000000E+000   0.181224E+001
      5.0800    0.000000E+000  -0.278938E+004  -0.278938E+004  -0.557876E+004   0.909495E-012   0.181189E+001
      5.0900    0.000000E+000  -0.278818E+004  -0.278818E+004  -0.557637E+004   0.136424E-011   0.181155E+001
      5.1000    0.000000E+000  -0.278699E+004  -0.278699E+004  -0.557398E+004   0.454747E-012   0.181120E+001
