      0.0000    0.000000E+000   0.000000E+000   0.000000E+000
      0.0100   -0.112587E-004  -0.971874E-004  -0.108446E-003
      0.0200   -0.439670E-004  -0.334332E-003  -0.378299E-003
      0.0300   -0.966524E-004  -0.658821E-003  -0.755473E-003
      0.0400   -0.167982E-003  -0.103979E-002  -0.120777E-002
      0.0500   -0.256742E-003  -0.145805E-002  -0.171479E-002
      0.0600   -0.361820E-003  -0.190091E-002  -0.226273E-002
      0.0700   -0.482196E-003  -0.235949E-002  -0.284169E-002
      0.0800   -0.616932E-003  -0.282727E-002  -0.344420E-002
      0.0900   -0.765163E-003  -0.329930E-002  -0.406447E-002
      0.1000   -0.926093E-003  -0.377174E-002  -0.469783E-002
      0.1100   -0.109898E-002  -0.424154E-002  -0.534052E-002
      0.1200   -0.128316E-002  -0.470629E-002  -0.598944E-002
      0.1300   -0.147798E-002  -0.516406E-002  -0.664204E-002
      0.1400   -0.168286E-002  -0.561334E-002  -0.729620E-002
      0.1500   -0.189726E-002  -0.605293E-002  -0.795018E-002
      0.1600   -0.212067E-002  -0.648188E-002  -0.860254E-002
      0.1700   -0.235261E-002  -0.689948E-002  -0.925210E-002
      0.1800   -0.259266E-002  -0.730522E-002  -0.989787E-002
      0.1900   -0.284039E-002  -0.769869E-002  -0.105391E-001
      0.2000   -0.309542E-002  -0.807967E-002  -0.111751E-001
      0.2100   -0.335739E-002  -0.844800E-002  -0.118054E-001
      0.2200   -0.362596E-002  -0.880363E-002  -0.124296E-001
      0.2300   -0.390082E-002  -0.914657E-002  -0.130474E-001
      0.2400   -0.418167E-002  -0.947692E-002  -0.136586E-001
      0.2500   -0.446822E-002  -0.979479E-002  -0.142630E-001
      0.2600   -0.476022E-002  -0.101004E-001  -0.148606E-001
      0.2700   -0.505741E-002  -0.103939E-001  -0.154513E-001
      0.2800   -0.535955E-002  -0.106755E-001  -0.160351E-001
      0.2900   -0.566643E-002  -0.109456E-001  -0.166120E-001
      0.3000   -0.597783E-002  -0.112043E-001  -0.171821E-001
      0.3100   -0.629356E-002  -0.114520E-001  -0.177456E-001
      0.3200   -0.661342E-002  -0.116890E-001  -0.183025E-001
      0.3300   -0.693724E-002  -0.119156E-001  -0.188529E-001
      0.3400   -0.726484E-002  -0.121321E-001  -0.193970E-001
      0.3500   -0.759607E-002  -0.123389E-001  -0.199349E-001
      0.3600   -0.793075E-002  -0.125361E-001  -0.204669E-001
      0.3700   -0.826876E-002  -0.127243E-001  -0.209930E-001
      0.3800   -0.860995E-002  -0.129036E-001  -0.215135E-001
      0.3900   -0.895418E-002  -0.130744E-001  -0.220286E-001
      0.4000   -0.930132E-002  -0.132370E-001  -0.225384E-001
      0.4100   -0.965126E-002  -0.133918E-001  -0.230430E-001
      0.4200   -0.100039E-001  -0.135389E-001  -0.235428E-001
      0.4300   -0.103590E-001  -0.136788E-001  -0.240378E-001
      0.4400   -0.107167E-001  -0.138117E-001  -0.245283E-001
      0.4500   -0.110766E-001  -0.139378E-001  -0.250145E-001
      0.4600   -0.114389E-001  -0.140575E-001  -0.254964E-001
      0.4700   -0.118032E-001  -0.141711E-001  -0.259743E-001
      0.4800   -0.121697E-001  -0.142787E-001  -0.264484E-001
      0.4900   -0.125381E-001  -0.143807E-001  -0.269188E-001
      0.5000   -0.129084E-001  -0.144773E-001  -0.273857E-001
      0.5100   -0.132805E-001  -0.145687E-001  -0.278492E-001
      0.5200   -0.136543E-001  -0.146552E-001  -0.283096E-001
      0.5300   -0.140298E-001  -0.147370E-001  -0.287668E-001
      0.5400   -0.144069E-001  -0.148143E-001  -0.292212E-001
      0.5500   -0.147855E-001  -0.148872E-001  -0.296727E-001
      0.5600   -0.151655E-001  -0.149561E-001  -0.301217E-001
      0.5700   -0.155470E-001  -0.150212E-001  -0.305681E-001
      0.5800   -0.159297E-001  -0.150825E-001  -0.310121E-001
      0.5900   -0.163137E-001  -0.151402E-001  -0.314539E-001
      0.6000   -0.166989E-001  -0.151947E-001  -0.318935E-001
      0.6100   -0.170852E-001  -0.152459E-001  -0.323311E-001
      0.6200   -0.174726E-001  -0.152942E-001  -0.327668E-001
      0.6300   -0.178610E-001  -0.153395E-001  -0.332006E-001
      0.6400   -0.182505E-001  -0.153822E-001  -0.336327E-001
      0.6500   -0.186409E-001  -0.154222E-001  -0.340631E-001
      0.6600   -0.190321E-001  -0.154599E-001  -0.344920E-001
      0.6700   -0.194243E-001  -0.154952E-001  -0.349194E-001
      0.6800   -0.198172E-001  -0.155283E-001  -0.353455E-001
      0.6900   -0.202109E-001  -0.155593E-001  -0.357702E-001
      0.7000   -0.206053E-001  -0.155884E-001  -0.361937E-001
      0.7100   -0.210003E-001  -0.156156E-001  -0.366160E-001
      0.7200   -0.213961E-001  -0.156411E-001  -0.370372E-001
      0.7300   -0.217924E-001  -0.156649E-001  -0.374574E-001
      0.7400   -0.221893E-001  -0.156872E-001  -0.378766E-001
      0.7500   -0.225868E-001  -0.157080E-001  -0.382948E-001
      0.7600   -0.229848E-001  -0.157275E-001  -0.387122E-001
      0.7700   -0.233832E-001  -0.157456E-001  -0.391288E-001
      0.7800   -0.237821E-001  -0.157625E-001  -0.395446E-001
      0.7900   -0.241814E-001  -0.157783E-001  -0.399597E-001
      0.8000   -0.245811E-001  -0.157930E-001  -0.403741E-001
      0.8100   -0.249812E-001  -0.158066E-001  -0.407879E-001
      0.8200   -0.253816E-001  -0.158194E-001  -0.412010E-001
      0.8300   -0.257824E-001  -0.158312E-001  -0.416136E-001
      0.8400   -0.261834E-001  -0.158422E-001  -0.420256E-001
      0.8500   -0.265847E-001  -0.158524E-001  -0.424371E-001
      0.8600   -0.269862E-001  -0.158619E-001  -0.428482E-001
      0.8700   -0.273880E-001  -0.158708E-001  -0.432588E-001
      0.8800   -0.277900E-001  -0.158789E-001  -0.436689E-001
      0.8900   -0.281922E-001  -0.158865E-001  -0.440787E-001
      0.9000   -0.285945E-001  -0.158936E-001  -0.444881E-001
      0.9100   -0.289970E-001  -0.159001E-001  -0.448971E-001
      0.9200   -0.293996E-001  -0.159062E-001  -0.453058E-001
      0.9300   -0.298024E-001  -0.159118E-001  -0.457142E-001
      0.9400   -0.302052E-001  -0.159170E-001  -0.461223E-001
      0.9500   -0.306081E-001  -0.159219E-001  -0.465300E-001
      0.9600   -0.310112E-001  -0.159264E-001  -0.469375E-001
      0.9700   -0.314142E-001  -0.159305E-001  -0.473448E-001
      0.9800   -0.318173E-001  -0.159344E-001  -0.477517E-001
      0.9900   -0.322205E-001  -0.159380E-001  -0.481585E-001
      1.0000   -0.326236E-001  -0.159414E-001  -0.485650E-001
      1.0100   -0.330268E-001  -0.159445E-001  -0.489713E-001
      1.0200   -0.334300E-001  -0.159474E-001  -0.493774E-001
      1.0300   -0.338331E-001  -0.159502E-001  -0.497833E-001
      1.0400   -0.342362E-001  -0.159527E-001  -0.501890E-001
      1.0500   -0.346393E-001  -0.159551E-001  -0.505944E-001
      1.0600   -0.350424E-001  -0.159574E-001  -0.509998E-001
      1.0700   -0.354454E-001  -0.159595E-001  -0.514049E-001
      1.0800   -0.358483E-001  -0.159615E-001  -0.518098E-001
      1.0900   -0.362512E-001  -0.159635E-001  -0.522146E-001
      1.1000   -0.366540E-001  -0.159653E-001  -0.526193E-001
      1.1100   -0.370567E-001  -0.159670E-001  -0.530237E-001
      1.1200   -0.374593E-001  -0.159687E-001  -0.534280E-001
      1.1300   -0.378618E-001  -0.159704E-001  -0.538322E-001
      1.1400   -0.382642E-001  -0.159719E-001  -0.542361E-001
      1.1500   -0.386665E-001  -0.159735E-001  -0.546400E-001
      1.1600   -0.390687E-001  -0.159750E-001  -0.550436E-001
      1.1700   -0.394707E-001  -0.159764E-001  -0.554472E-001
      1.1800   -0.398727E-001  -0.159779E-001  -0.558505E-001
      1.1900   -0.402745E-001  -0.159793E-001  -0.562537E-001
      1.2000   -0.406761E-001  -0.159807E-001  -0.566568E-001
      1.2100   -0.410776E-001  -0.159821E-001  -0.570597E-001
      1.2200   -0.414790E-001  -0.159835E-001  -0.574625E-001
      1.2300   -0.418802E-001  -0.159849E-001  -0.578651E-001
      1.2400   -0.422812E-001  -0.159863E-001  -0.582676E-001
      1.2500   -0.426821E-001  -0.159877E-001  -0.586699E-001
      1.2600   -0.430828E-001  -0.159892E-001  -0.590720E-001
      1.2700   -0.434834E-001  -0.159906E-001  -0.594740E-001
      1.2800   -0.438838E-001  -0.159921E-001  -0.598759E-001
      1.2900   -0.442840E-001  -0.159936E-001  -0.602776E-001
      1.3000   -0.446840E-001  -0.159951E-001  -0.606791E-001
      1.3100   -0.450839E-001  -0.159966E-001  -0.610805E-001
      1.3200   -0.454835E-001  -0.159981E-001  -0.614817E-001
      1.3300   -0.458830E-001  -0.159997E-001  -0.618827E-001
      1.3400   -0.462823E-001  -0.160013E-001  -0.622836E-001
      1.3500   -0.466814E-001  -0.160029E-001  -0.626844E-001
      1.3600   -0.470803E-001  -0.160046E-001  -0.630849E-001
      1.3700   -0.474791E-001  -0.160063E-001  -0.634853E-001
      1.3800   -0.478776E-001  -0.160080E-001  -0.638856E-001
      1.3900   -0.482759E-001  -0.160097E-001  -0.642856E-001
      1.4000   -0.486740E-001  -0.160115E-001  -0.646855E-001
      1.4100   -0.490719E-001  -0.160133E-001  -0.650853E-001
      1.4200   -0.494697E-001  -0.160152E-001  -0.654848E-001
      1.4300   -0.498672E-001  -0.160170E-001  -0.658842E-001
      1.4400   -0.502645E-001  -0.160189E-001  -0.662834E-001
      1.4500   -0.506616E-001  -0.160208E-001  -0.666824E-001
      1.4600   -0.510584E-001  -0.160228E-001  -0.670812E-001
      1.4700   -0.514551E-001  -0.160248E-001  -0.674799E-001
      1.4800   -0.518516E-001  -0.160268E-001  -0.678784E-001
      1.4900   -0.522478E-001  -0.160289E-001  -0.682767E-001
      1.5000   -0.526439E-001  -0.160309E-001  -0.686748E-001
      1.5100   -0.530397E-001  -0.160330E-001  -0.690727E-001
      1.5200   -0.534353E-001  -0.160352E-001  -0.694705E-001
      1.5300   -0.538307E-001  -0.160373E-001  -0.698680E-001
      1.5400   -0.542258E-001  -0.160395E-001  -0.702654E-001
      1.5500   -0.546208E-001  -0.160417E-001  -0.706625E-001
      1.5600   -0.550155E-001  -0.160440E-001  -0.710595E-001
      1.5700   -0.554101E-001  -0.160462E-001  -0.714563E-001
      1.5800   -0.558043E-001  -0.160485E-001  -0.718529E-001
      1.5900   -0.561984E-001  -0.160508E-001  -0.722493E-001
      1.6000   -0.565923E-001  -0.160532E-001  -0.726455E-001
      1.6100   -0.569859E-001  -0.160555E-001  -0.730414E-001
      1.6200   -0.573793E-001  -0.160579E-001  -0.734372E-001
      1.6300   -0.577725E-001  -0.160603E-001  -0.738328E-001
      1.6400   -0.581655E-001  -0.160628E-001  -0.742282E-001
      1.6500   -0.585582E-001  -0.160652E-001  -0.746234E-001
      1.6600   -0.589507E-001  -0.160677E-001  -0.750184E-001
      1.6700   -0.593430E-001  -0.160702E-001  -0.754132E-001
      1.6800   -0.597351E-001  -0.160727E-001  -0.758078E-001
      1.6900   -0.601270E-001  -0.160752E-001  -0.762021E-001
      1.7000   -0.605186E-001  -0.160777E-001  -0.765963E-001
      1.7100   -0.609100E-001  -0.160803E-001  -0.769903E-001
      1.7200   -0.613012E-001  -0.160829E-001  -0.773840E-001
      1.7300   -0.616921E-001  -0.160855E-001  -0.777776E-001
      1.7400   -0.620828E-001  -0.160881E-001  -0.781709E-001
      1.7500   -0.624733E-001  -0.160907E-001  -0.785640E-001
      1.7600   -0.628636E-001  -0.160933E-001  -0.789569E-001
      1.7700   -0.632536E-001  -0.160960E-001  -0.793496E-001
      1.7800   -0.636435E-001  -0.160986E-001  -0.797421E-001
      1.7900   -0.640331E-001  -0.161013E-001  -0.801344E-001
      1.8000   -0.644224E-001  -0.161040E-001  -0.805264E-001
      1.8100   -0.648116E-001  -0.161067E-001  -0.809183E-001
      1.8200   -0.652005E-001  -0.161094E-001  -0.813099E-001
      1.8300   -0.655892E-001  -0.161121E-001  -0.817013E-001
      1.8400   -0.659777E-001  -0.161149E-001  -0.820925E-001
      1.8500   -0.663659E-001  -0.161176E-001  -0.824835E-001
      1.8600   -0.667539E-001  -0.161204E-001  -0.828743E-001
      1.8700   -0.671417E-001  -0.161231E-001  -0.832648E-001
      1.8800   -0.675293E-001  -0.161259E-001  -0.836552E-001
      1.8900   -0.679166E-001  -0.161287E-001  -0.840453E-001
      1.9000   -0.683037E-001  -0.161315E-001  -0.844352E-001
      1.9100   -0.686906E-001  -0.161343E-001  -0.848249E-001
      1.9200   -0.690773E-001  -0.161371E-001  -0.852144E-001
      1.9300   -0.694637E-001  -0.161399E-001  -0.856036E-001
      1.9400   -0.698499E-001  -0.161427E-001  -0.859926E-001
      1.9500   -0.702359E-001  -0.161455E-001  -0.863814E-001
      1.9600   -0.706217E-001  -0.161483E-001  -0.867700E-001
      1.9700   -0.710072E-001  -0.161512E-001  -0.871584E-001
      1.9800   -0.713925E-001  -0.161540E-001  -0.875465E-001
      1.9900   -0.717776E-001  -0.161568E-001  -0.879345E-001
      2.0000   -0.721625E-001  -0.161597E-001  -0.883222E-001
      2.0100   -0.725471E-001  -0.161626E-001  -0.887097E-001
      2.0200   -0.729315E-001  -0.161654E-001  -0.890969E-001
      2.0300   -0.733157E-001  -0.161683E-001  -0.894840E-001
      2.0400   -0.736997E-001  -0.161711E-001  -0.898708E-001
      2.0500   -0.740834E-001  -0.161740E-001  -0.902574E-001
      2.0600   -0.744669E-001  -0.161769E-001  -0.906438E-001
      2.0700   -0.748502E-001  -0.161798E-001  -0.910300E-001
      2.0800   -0.752333E-001  -0.161826E-001  -0.914159E-001
      2.0900   -0.756161E-001  -0.161855E-001  -0.918016E-001
      2.1000   -0.759987E-001  -0.161884E-001  -0.921871E-001
      2.1100   -0.763811E-001  -0.161913E-001  -0.925724E-001
      2.1200   -0.767633E-001  -0.161942E-001  -0.929575E-001
      2.1300   -0.771452E-001  -0.161971E-001  -0.933423E-001
      2.1400   -0.775270E-001  -0.162000E-001  -0.937269E-001
      2.1500   -0.779085E-001  -0.162028E-001  -0.941113E-001
      2.1600   -0.782897E-001  -0.162057E-001  -0.944955E-001
      2.1700   -0.786708E-001  -0.162086E-001  -0.948794E-001
      2.1800   -0.790516E-001  -0.162115E-001  -0.952631E-001
      2.1900   -0.794322E-001  -0.162144E-001  -0.956467E-001
      2.2000   -0.798126E-001  -0.162173E-001  -0.960299E-001
      2.2100   -0.801928E-001  -0.162202E-001  -0.964130E-001
      2.2200   -0.805727E-001  -0.162231E-001  -0.967958E-001
      2.2300   -0.809524E-001  -0.162260E-001  -0.971785E-001
      2.2400   -0.813319E-001  -0.162289E-001  -0.975608E-001
      2.2500   -0.817112E-001  -0.162318E-001  -0.979430E-001
      2.2600   -0.820902E-001  -0.162348E-001  -0.983250E-001
      2.2700   -0.824690E-001  -0.162377E-001  -0.987067E-001
      2.2800   -0.828477E-001  -0.162406E-001  -0.990882E-001
      2.2900   -0.832260E-001  -0.162435E-001  -0.994695E-001
      2.3000   -0.836042E-001  -0.162464E-001  -0.998506E-001
      2.3100   -0.839821E-001  -0.162493E-001  -0.100231E+000
      2.3200   -0.843599E-001  -0.162522E-001  -0.100612E+000
      2.3300   -0.847374E-001  -0.162551E-001  -0.100992E+000
      2.3400   -0.851146E-001  -0.162580E-001  -0.101373E+000
      2.3500   -0.854917E-001  -0.162609E-001  -0.101753E+000
      2.3600   -0.858685E-001  -0.162638E-001  -0.102132E+000
      2.3700   -0.862451E-001  -0.162667E-001  -0.102512E+000
      2.3800   -0.866215E-001  -0.162696E-001  -0.102891E+000
      2.3900   -0.869977E-001  -0.162725E-001  -0.103270E+000
      2.4000   -0.873737E-001  -0.162754E-001  -0.103649E+000
      2.4100   -0.877494E-001  -0.162783E-001  -0.104028E+000
      2.4200   -0.881249E-001  -0.162812E-001  -0.104406E+000
      2.4300   -0.885002E-001  -0.162841E-001  -0.104784E+000
      2.4400   -0.888753E-001  -0.162870E-001  -0.105162E+000
      2.4500   -0.892501E-001  -0.162899E-001  -0.105540E+000
      2.4600   -0.896248E-001  -0.162928E-001  -0.105918E+000
      2.4700   -0.899992E-001  -0.162957E-001  -0.106295E+000
      2.4800   -0.903734E-001  -0.162986E-001  -0.106672E+000
      2.4900   -0.907474E-001  -0.163015E-001  -0.107049E+000
      2.5000   -0.911211E-001  -0.163044E-001  -0.107425E+000
      2.5100   -0.914947E-001  -0.163072E-001  -0.107802E+000
      2.5200   -0.918680E-001  -0.163101E-001  -0.108178E+000
      2.5300   -0.922411E-001  -0.163130E-001  -0.108554E+000
      2.5400   -0.926140E-001  -0.163159E-001  -0.108930E+000
      2.5500   -0.929866E-001  -0.163188E-001  -0.109305E+000
      2.5600   -0.933591E-001  -0.163217E-001  -0.109681E+000
      2.5700   -0.937313E-001  -0.163246E-001  -0.110056E+000
      2.5800   -0.941033E-001  -0.163274E-001  -0.110431E+000
      2.5900   -0.944751E-001  -0.163303E-001  -0.110805E+000
      2.6000   -0.948467E-001  -0.163332E-001  -0.111180E+000
      2.6100   -0.952181E-001  -0.163361E-001  -0.111554E+000
      2.6200   -0.955892E-001  -0.163390E-001  -0.111928E+000
      2.6300   -0.959601E-001  -0.163418E-001  -0.112302E+000
      2.6400   -0.963308E-001  -0.163447E-001  -0.112676E+000
      2.6500   -0.967013E-001  -0.163476E-001  -0.113049E+000
      2.6600   -0.970716E-001  -0.163504E-001  -0.113422E+000
      2.6700   -0.974417E-001  -0.163533E-001  -0.113795E+000
      2.6800   -0.978115E-001  -0.163562E-001  -0.114168E+000
      2.6900   -0.981811E-001  -0.163590E-001  -0.114540E+000
      2.7000   -0.985505E-001  -0.163619E-001  -0.114912E+000
      2.7100   -0.989197E-001  -0.163648E-001  -0.115284E+000
      2.7200   -0.992887E-001  -0.163676E-001  -0.115656E+000
      2.7300   -0.996575E-001  -0.163705E-001  -0.116028E+000
      2.7400   -0.100026E+000  -0.163734E-001  -0.116399E+000
      2.7500   -0.100394E+000  -0.163762E-001  -0.116771E+000
      2.7600   -0.100762E+000  -0.163791E-001  -0.117142E+000
      2.7700   -0.101130E+000  -0.163819E-001  -0.117512E+000
      2.7800   -0.101498E+000  -0.163848E-001  -0.117883E+000
      2.7900   -0.101865E+000  -0.163876E-001  -0.118253E+000
      2.8000   -0.102233E+000  -0.163905E-001  -0.118623E+000
      2.8100   -0.102600E+000  -0.163933E-001  -0.118993E+000
      2.8200   -0.102967E+000  -0.163962E-001  -0.119363E+000
      2.8300   -0.103333E+000  -0.163990E-001  -0.119732E+000
      2.8400   -0.103700E+000  -0.164019E-001  -0.120101E+000
      2.8500   -0.104066E+000  -0.164047E-001  -0.120470E+000
      2.8600   -0.104432E+000  -0.164075E-001  -0.120839E+000
      2.8700   -0.104798E+000  -0.164104E-001  -0.121208E+000
      2.8800   -0.105163E+000  -0.164132E-001  -0.121576E+000
      2.8900   -0.105528E+000  -0.164160E-001  -0.121944E+000
      2.9000   -0.105893E+000  -0.164189E-001  -0.122312E+000
      2.9100   -0.106258E+000  -0.164217E-001  -0.122680E+000
      2.9200   -0.106623E+000  -0.164245E-001  -0.123048E+000
      2.9300   -0.106988E+000  -0.164274E-001  -0.123415E+000
      2.9400   -0.107352E+000  -0.164302E-001  -0.123782E+000
      2.9500   -0.107716E+000  -0.164330E-001  -0.124149E+000
      2.9600   -0.108080E+000  -0.164358E-001  -0.124516E+000
      2.9700   -0.108443E+000  -0.164387E-001  -0.124882E+000
      2.9800   -0.108807E+000  -0.164415E-001  -0.125248E+000
      2.9900   -0.109170E+000  -0.164443E-001  -0.125614E+000
      3.0000   -0.109533E+000  -0.164471E-001  -0.125980E+000
      3.0100   -0.109896E+000  -0.164499E-001  -0.126346E+000
      3.0200   -0.110258E+000  -0.164528E-001  -0.126711E+000
      3.0300   -0.110621E+000  -0.164556E-001  -0.127076E+000
      3.0400   -0.110983E+000  -0.164584E-001  -0.127441E+000
      3.0500   -0.111345E+000  -0.164612E-001  -0.127806E+000
      3.0600   -0.111706E+000  -0.164640E-001  -0.128170E+000
      3.0700   -0.112068E+000  -0.164668E-001  -0.128535E+000
      3.0800   -0.112429E+000  -0.164696E-001  -0.128899E+000
      3.0900   -0.112790E+000  -0.164724E-001  -0.129263E+000
      3.1000   -0.113151E+000  -0.164752E-001  -0.129626E+000
      3.1100   -0.113512E+000  -0.164780E-001  -0.129990E+000
      3.1200   -0.113872E+000  -0.164808E-001  -0.130353E+000
      3.1300   -0.114232E+000  -0.164836E-001  -0.130716E+000
      3.1400   -0.114592E+000  -0.164864E-001  -0.131079E+000
      3.1500   -0.114952E+000  -0.164892E-001  -0.131441E+000
      3.1600   -0.115312E+000  -0.164920E-001  -0.131804E+000
      3.1700   -0.115671E+000  -0.164948E-001  -0.132166E+000
      3.1800   -0.116030E+000  -0.164976E-001  -0.132528E+000
      3.1900   -0.116389E+000  -0.165003E-001  -0.132890E+000
      3.2000   -0.116748E+000  -0.165031E-001  -0.133251E+000
      3.2100   -0.117107E+000  -0.165059E-001  -0.133613E+000
      3.2200   -0.117465E+000  -0.165087E-001  -0.133974E+000
      3.2300   -0.117823E+000  -0.165115E-001  -0.134335E+000
      3.2400   -0.118181E+000  -0.165143E-001  -0.134695E+000
      3.2500   -0.118539E+000  -0.165170E-001  -0.135056E+000
      3.2600   -0.118896E+000  -0.165198E-001  -0.135416E+000
      3.2700   -0.119253E+000  -0.165226E-001  -0.135776E+000
      3.2800   -0.119611E+000  -0.165254E-001  -0.136136E+000
      3.2900   -0.119967E+000  -0.165281E-001  -0.136496E+000
      3.3000   -0.120324E+000  -0.165309E-001  -0.136855E+000
      3.3100   -0.120681E+000  -0.165337E-001  -0.137214E+000
      3.3200   -0.121037E+000  -0.165364E-001  -0.137573E+000
      3.3300   -0.121393E+000  -0.165392E-001  -0.137932E+000
      3.3400   -0.121749E+000  -0.165420E-001  -0.138291E+000
      3.3500   -0.122104E+000  -0.165447E-001  -0.138649E+000
      3.3600   -0.122460E+000  -0.165475E-001  -0.139007E+000
      3.3700   -0.122815E+000  -0.165502E-001  -0.139365E+000
      3.3800   -0.123170E+000  -0.165530E-001  -0.139723E+000
      3.3900   -0.123525E+000  -0.165557E-001  -0.140080E+000
      3.4000   -0.123879E+000  -0.165585E-001  -0.140438E+000
      3.4100   -0.124234E+000  -0.165612E-001  -0.140795E+000
      3.4200   -0.124588E+000  -0.165640E-001  -0.141152E+000
      3.4300   -0.124942E+000  -0.165667E-001  -0.141509E+000
      3.4400   -0.125296E+000  -0.165695E-001  -0.141865E+000
      3.4500   -0.125649E+000  -0.165722E-001  -0.142221E+000
      3.4600   -0.126002E+000  -0.165750E-001  -0.142577E+000
      3.4700   -0.126356E+000  -0.165777E-001  -0.142933E+000
      3.4800   -0.126708E+000  -0.165805E-001  -0.143289E+000
      3.4900   -0.127061E+000  -0.165832E-001  -0.143644E+000
      3.5000   -0.127414E+000  -0.165859E-001  -0.144000E+000
      3.5100   -0.127766E+000  -0.165887E-001  -0.144355E+000
      3.5200   -0.128118E+000  -0.165914E-001  -0.144710E+000
      3.5300   -0.128470E+000  -0.165941E-001  -0.145064E+000
      3.5400   -0.128822E+000  -0.165969E-001  -0.145419E+000
      3.5500   -0.129173E+000  -0.165996E-001  -0.145773E+000
      3.5600   -0.129524E+000  -0.166023E-001  -0.146127E+000
      3.5700   -0.129876E+000  -0.166050E-001  -0.146481E+000
      3.5800   -0.130226E+000  -0.166078E-001  -0.146834E+000
      3.5900   -0.130577E+000  -0.166105E-001  -0.147188E+000
      3.6000   -0.130928E+000  -0.166132E-001  -0.147541E+000
      3.6100   -0.131278E+000  -0.166159E-001  -0.147894E+000
      3.6200   -0.131628E+000  -0.166186E-001  -0.148246E+000
      3.6300   -0.131978E+000  -0.166214E-001  -0.148599E+000
      3.6400   -0.132327E+000  -0.166241E-001  -0.148951E+000
      3.6500   -0.132677E+000  -0.166268E-001  -0.149304E+000
      3.6600   -0.133026E+000  -0.166295E-001  -0.149655E+000
      3.6700   -0.133375E+000  -0.166322E-001  -0.150007E+000
      3.6800   -0.133724E+000  -0.166349E-001  -0.150359E+000
      3.6900   -0.134072E+000  -0.166376E-001  -0.150710E+000
      3.7000   -0.134421E+000  -0.166403E-001  -0.151061E+000
      3.7100   -0.134769E+000  -0.166430E-001  -0.151412E+000
      3.7200   -0.135117E+000  -0.166457E-001  -0.151763E+000
      3.7300   -0.135465E+000  -0.166484E-001  -0.152113E+000
      3.7400   -0.135812E+000  -0.166511E-001  -0.152464E+000
      3.7500   -0.136160E+000  -0.166538E-001  -0.152814E+000
      3.7600   -0.136507E+000  -0.166565E-001  -0.153164E+000
      3.7700   -0.136854E+000  -0.166592E-001  -0.153513E+000
      3.7800   -0.137201E+000  -0.166619E-001  -0.153863E+000
      3.7900   -0.137547E+000  -0.166646E-001  -0.154212E+000
      3.8000   -0.137894E+000  -0.166673E-001  -0.154561E+000
      3.8100   -0.138240E+000  -0.166700E-001  -0.154910E+000
      3.8200   -0.138586E+000  -0.166726E-001  -0.155259E+000
      3.8300   -0.138932E+000  -0.166753E-001  -0.155607E+000
      3.8400   -0.139277E+000  -0.166780E-001  -0.155955E+000
      3.8500   -0.139623E+000  -0.166807E-001  -0.156303E+000
      3.8600   -0.139968E+000  -0.166834E-001  -0.156651E+000
      3.8700   -0.140313E+000  -0.166861E-001  -0.156999E+000
      3.8800   -0.140658E+000  -0.166887E-001  -0.157346E+000
      3.8900   -0.141002E+000  -0.166914E-001  -0.157694E+000
      3.9000   -0.141347E+000  -0.166941E-001  -0.158041E+000
      3.9100   -0.141691E+000  -0.166967E-001  -0.158387E+000
      3.9200   -0.142035E+000  -0.166994E-001  -0.158734E+000
      3.9300   -0.142378E+000  -0.167021E-001  -0.159080E+000
      3.9400   -0.142722E+000  -0.167048E-001  -0.159427E+000
      3.9500   -0.143065E+000  -0.167074E-001  -0.159773E+000
      3.9600   -0.143408E+000  -0.167101E-001  -0.160119E+000
      3.9700   -0.143751E+000  -0.167127E-001  -0.160464E+000
      3.9800   -0.144094E+000  -0.167154E-001  -0.160810E+000
      3.9900   -0.144437E+000  -0.167181E-001  -0.161155E+000
      4.0000   -0.144779E+000  -0.167207E-001  -0.161500E+000
      4.0100   -0.145121E+000  -0.167234E-001  -0.161845E+000
      4.0200   -0.145463E+000  -0.167260E-001  -0.162189E+000
      4.0300   -0.145805E+000  -0.167287E-001  -0.162534E+000
      4.0400   -0.146146E+000  -0.167313E-001  -0.162878E+000
      4.0500   -0.146488E+000  -0.167340E-001  -0.163222E+000
      4.0600   -0.146829E+000  -0.167366E-001  -0.163566E+000
      4.0700   -0.147170E+000  -0.167393E-001  -0.163909E+000
      4.0800   -0.147511E+000  -0.167419E-001  -0.164253E+000
      4.0900   -0.147851E+000  -0.167446E-001  -0.164596E+000
      4.1000   -0.148192E+000  -0.167472E-001  -0.164939E+000
      4.1100   -0.148532E+000  -0.167498E-001  -0.165282E+000
      4.1200   -0.148872E+000  -0.167525E-001  -0.165624E+000
      4.1300   -0.149211E+000  -0.167551E-001  -0.165967E+000
      4.1400   -0.149551E+000  -0.167578E-001  -0.166309E+000
      4.1500   -0.149890E+000  -0.167604E-001  -0.166651E+000
      4.1600   -0.150230E+000  -0.167630E-001  -0.166993E+000
      4.1700   -0.150568E+000  -0.167657E-001  -0.167334E+000
      4.1800   -0.150907E+000  -0.167683E-001  -0.167676E+000
      4.1900   -0.151246E+000  -0.167709E-001  -0.168017E+000
      4.2000   -0.151584E+000  -0.167735E-001  -0.168358E+000
      4.2100   -0.151922E+000  -0.167762E-001  -0.168699E+000
      4.2200   -0.152260E+000  -0.167788E-001  -0.169039E+000
      4.2300   -0.152598E+000  -0.167814E-001  -0.169379E+000
      4.2400   -0.152936E+000  -0.167840E-001  -0.169720E+000
      4.2500   -0.153273E+000  -0.167867E-001  -0.170060E+000
      4.2600   -0.153610E+000  -0.167893E-001  -0.170399E+000
      4.2700   -0.153947E+000  -0.167919E-001  -0.170739E+000
      4.2800   -0.154284E+000  -0.167945E-001  -0.171078E+000
      4.2900   -0.154621E+000  -0.167971E-001  -0.171418E+000
      4.3000   -0.154957E+000  -0.167997E-001  -0.171757E+000
      4.3100   -0.155293E+000  -0.168023E-001  -0.172096E+000
      4.3200   -0.155629E+000  -0.168049E-001  -0.172434E+000
      4.3300   -0.155965E+000  -0.168075E-001  -0.172773E+000
      4.3400   -0.156301E+000  -0.168102E-001  -0.173111E+000
      4.3500   -0.156636E+000  -0.168128E-001  -0.173449E+000
      4.3600   -0.156971E+000  -0.168154E-001  -0.173787E+000
      4.3700   -0.157306E+000  -0.168180E-001  -0.174124E+000
      4.3800   -0.157641E+000  -0.168206E-001  -0.174462E+000
      4.3900   -0.157976E+000  -0.168232E-001  -0.174799E+000
      4.4000   -0.158310E+000  -0.168258E-001  -0.175136E+000
      4.4100   -0.158644E+000  -0.168283E-001  -0.175473E+000
      4.4200   -0.158978E+000  -0.168309E-001  -0.175809E+000
      4.4300   -0.159312E+000  -0.168335E-001  -0.176146E+000
      4.4400   -0.159646E+000  -0.168361E-001  -0.176482E+000
      4.4500   -0.159979E+000  -0.168387E-001  -0.176818E+000
      4.4600   -0.160313E+000  -0.168413E-001  -0.177154E+000
      4.4700   -0.160646E+000  -0.168439E-001  -0.177490E+000
      4.4800   -0.160979E+000  -0.168465E-001  -0.177825E+000
      4.4900   -0.161311E+000  -0.168490E-001  -0.178160E+000
      4.5000   -0.161644E+000  -0.168516E-001  -0.178495E+000
      4.5100   -0.161976E+000  -0.168542E-001  -0.178830E+000
      4.5200   -0.162308E+000  -0.168568E-001  -0.179165E+000
      4.5300   -0.162640E+000  -0.168594E-001  -0.179499E+000
      4.5400   -0.162972E+000  -0.168619E-001  -0.179834E+000
      4.5500   -0.163303E+000  -0.168645E-001  -0.180168E+000
      4.5600   -0.163635E+000  -0.168671E-001  -0.180502E+000
      4.5700   -0.163966E+000  -0.168697E-001  -0.180835E+000
      4.5800   -0.164297E+000  -0.168722E-001  -0.181169E+000
      4.5900   -0.164627E+000  -0.168748E-001  -0.181502E+000
      4.6000   -0.164958E+000  -0.168774E-001  -0.181835E+000
      4.6100   -0.165288E+000  -0.168799E-001  -0.182168E+000
      4.6200   -0.165618E+000  -0.168825E-001  -0.182501E+000
      4.6300   -0.165948E+000  -0.168850E-001  -0.182833E+000
      4.6400   -0.166278E+000  -0.168876E-001  -0.183166E+000
      4.6500   -0.166608E+000  -0.168902E-001  -0.183498E+000
      4.6600   -0.166937E+000  -0.168927E-001  -0.183830E+000
      4.6700   -0.167266E+000  -0.168953E-001  -0.184161E+000
      4.6800   -0.167595E+000  -0.168978E-001  -0.184493E+000
      4.6900   -0.167924E+000  -0.169004E-001  -0.184824E+000
      4.7000   -0.168253E+000  -0.169029E-001  -0.185156E+000
      4.7100   -0.168581E+000  -0.169055E-001  -0.185487E+000
      4.7200   -0.168909E+000  -0.169080E-001  -0.185817E+000
      4.7300   -0.169237E+000  -0.169106E-001  -0.186148E+000
      4.7400   -0.169565E+000  -0.169131E-001  -0.186478E+000
      4.7500   -0.169893E+000  -0.169157E-001  -0.186808E+000
      4.7600   -0.170220E+000  -0.169182E-001  -0.187138E+000
      4.7700   -0.170548E+000  -0.169207E-001  -0.187468E+000
      4.7800   -0.170875E+000  -0.169233E-001  -0.187798E+000
      4.7900   -0.171201E+000  -0.169258E-001  -0.188127E+000
      4.8000   -0.171528E+000  -0.169284E-001  -0.188457E+000
      4.8100   -0.171855E+000  -0.169309E-001  -0.188786E+000
      4.8200   -0.172181E+000  -0.169334E-001  -0.189114E+000
      4.8300   -0.172507E+000  -0.169360E-001  -0.189443E+000
      4.8400   -0.172833E+000  -0.169385E-001  -0.189772E+000
      4.8500   -0.173159E+000  -0.169410E-001  -0.190100E+000
      4.8600   -0.173484E+000  -0.169435E-001  -0.190428E+000
      4.8700   -0.173810E+000  -0.169461E-001  -0.190756E+000
      4.8800   -0.174135E+000  -0.169486E-001  -0.191083E+000
      4.8900   -0.174460E+000  -0.169511E-001  -0.191411E+000
      4.9000   -0.174785E+000  -0.169536E-001  -0.191738E+000
      4.9100   -0.175109E+000  -0.169562E-001  -0.192065E+000
      4.9200   -0.175434E+000  -0.169587E-001  -0.192392E+000
      4.9300   -0.175758E+000  -0.169612E-001  -0.192719E+000
      4.9400   -0.176082E+000  -0.169637E-001  -0.193046E+000
      4.9500   -0.176406E+000  -0.169662E-001  -0.193372E+000
      4.9600   -0.176729E+000  -0.169687E-001  -0.193698E+000
      4.9700   -0.177053E+000  -0.169712E-001  -0.194024E+000
      4.9800   -0.177376E+000  -0.169737E-001  -0.194350E+000
      4.9900   -0.177699E+000  -0.169763E-001  -0.194675E+000
      5.0000   -0.178022E+000  -0.169788E-001  -0.195001E+000
      5.0100   -0.178345E+000  -0.169813E-001  -0.195326E+000
      5.0200   -0.178667E+000  -0.169838E-001  -0.195651E+000
      5.0300   -0.178990E+000  -0.169863E-001  -0.195976E+000
      5.0400   -0.179312E+000  -0.169888E-001  -0.196301E+000
      5.0500   -0.179634E+000  -0.169913E-001  -0.196625E+000
      5.0600   -0.179956E+000  -0.169938E-001  -0.196949E+000
      5.0700   -0.180277E+000  -0.169963E-001  -0.197273E+000
      5.0800   -0.180598E+000  -0.169988E-001  -0.197597E+000
      5.0900   -0.180920E+000  -0.170013E-001  -0.197921E+000
      5.1000   -0.181241E+000  -0.170037E-001  -0.198244E+000
