      0.0000   -0.538981E+000  -0.153824E+000  -0.692805E+000
      0.0100   -0.538979E+000  -0.153831E+000  -0.692810E+000
      0.0200   -0.538977E+000  -0.153838E+000  -0.692815E+000
      0.0300   -0.538975E+000  -0.153845E+000  -0.692820E+000
      0.0400   -0.538973E+000  -0.153852E+000  -0.692824E+000
      0.0500   -0.538971E+000  -0.153858E+000  -0.692828E+000
      0.0600   -0.538969E+000  -0.153864E+000  -0.692832E+000
      0.0700   -0.538967E+000  -0.153869E+000  -0.692836E+000
      0.0800   -0.538965E+000  -0.153875E+000  -0.692839E+000
      0.0900   -0.538963E+000  -0.153880E+000  -0.692842E+000
      0.1000   -0.538961E+000  -0.153884E+000  -0.692845E+000
      0.1100   -0.538959E+000  -0.153889E+000  -0.692848E+000
      0.1200   -0.538957E+000  -0.153893E+000  -0.692850E+000
      0.1300   -0.538955E+000  -0.153897E+000  -0.692853E+000
      0.1400   -0.538953E+000  -0.153901E+000  -0.692855E+000
      0.1500   -0.538952E+000  -0.153905E+000  -0.692856E+000
      0.1600   -0.538950E+000  -0.153908E+000  -0.692858E+000
      0.1700   -0.538948E+000  -0.153911E+000  -0.692860E+000
      0.1800   -0.538947E+000  -0.153914E+000  -0.692861E+000
      0.1900   -0.538945E+000  -0.153917E+000  -0.692862E+000
      0.2000   -0.538944E+000  -0.153920E+000  -0.692864E+000
      0.2100   -0.538942E+000  -0.153922E+000  -0.692864E+000
      0.2200   -0.538941E+000  -0.153924E+000  -0.692865E+000
      0.2300   -0.538940E+000  -0.153927E+000  -0.692866E+000
      0.2400   -0.538938E+000  -0.153928E+000  -0.692867E+000
      0.2500   -0.538937E+000  -0.153930E+000  -0.692867E+000
      0.2600   -0.538936E+000  -0.153932E+000  -0.692868E+000
      0.2700   -0.538934E+000  -0.153934E+000  -0.692868E+000
      0.2800   -0.538933E+000  -0.153935E+000  -0.692868E+000
      0.2900   -0.538932E+000  -0.153936E+000  -0.692868E+000
      0.3000   -0.538931E+000  -0.153937E+000  -0.692869E+000
      0.3100   -0.538930E+000  -0.153938E+000  -0.692869E+000
      0.3200   -0.538929E+000  -0.153939E+000  -0.692868E+000
      0.3300   -0.538928E+000  -0.153940E+000  -0.692868E+000
      0.3400   -0.538927E+000  -0.153941E+000  -0.692868E+000
      0.3500   -0.538926E+000  -0.153942E+000  -0.692868E+000
      0.3600   -0.538925E+000  -0.153942E+000  -0.692868E+000
      0.3700   -0.538925E+000  -0.153943E+000  -0.692867E+000
      0.3800   -0.538924E+000  -0.153943E+000  -0.692867E+000
      0.3900   -0.538923E+000  -0.153944E+000  -0.692867E+000
      0.4000   -0.538922E+000  -0.153944E+000  -0.692866E+000
      0.4100   -0.538922E+000  -0.153944E+000  -0.692866E+000
      0.4200   -0.538921E+000  -0.153944E+000  -0.692865E+000
      0.4300   -0.538920E+000  -0.153944E+000  -0.692865E+000
      0.4400   -0.538920E+000  -0.153944E+000  -0.692864E+000
      0.4500   -0.538919E+000  -0.153944E+000  -0.692863E+000
      0.4600   -0.538919E+000  -0.153944E+000  -0.692863E+000
      0.4700   -0.538918E+000  -0.153944E+000  -0.692862E+000
      0.4800   -0.538918E+000  -0.153944E+000  -0.692861E+000
      0.4900   -0.538917E+000  -0.153943E+000  -0.692861E+000
      0.5000   -0.538917E+000  -0.153943E+000  -0.692860E+000
      0.5100   -0.538916E+000  -0.153943E+000  -0.692859E+000
      0.5200   -0.538916E+000  -0.153942E+000  -0.692859E+000
      0.5300   -0.538916E+000  -0.153942E+000  -0.692858E+000
      0.5400   -0.538916E+000  -0.153942E+000  -0.692857E+000
      0.5500   -0.538915E+000  -0.153941E+000  -0.692856E+000
      0.5600   -0.538915E+000  -0.153941E+000  -0.692856E+000
      0.5700   -0.538915E+000  -0.153940E+000  -0.692855E+000
      0.5800   -0.538915E+000  -0.153939E+000  -0.692854E+000
      0.5900   -0.538914E+000  -0.153939E+000  -0.692853E+000
      0.6000   -0.538914E+000  -0.153938E+000  -0.692852E+000
      0.6100   -0.538914E+000  -0.153938E+000  -0.692852E+000
      0.6200   -0.538914E+000  -0.153937E+000  -0.692851E+000
      0.6300   -0.538914E+000  -0.153936E+000  -0.692850E+000
      0.6400   -0.538914E+000  -0.153935E+000  -0.692849E+000
      0.6500   -0.538914E+000  -0.153935E+000  -0.692848E+000
      0.6600   -0.538914E+000  -0.153934E+000  -0.692848E+000
      0.6700   -0.538914E+000  -0.153933E+000  -0.692847E+000
      0.6800   -0.538914E+000  -0.153932E+000  -0.692846E+000
      0.6900   -0.538914E+000  -0.153932E+000  -0.692845E+000
      0.7000   -0.538914E+000  -0.153931E+000  -0.692845E+000
      0.7100   -0.538914E+000  -0.153930E+000  -0.692844E+000
      0.7200   -0.538914E+000  -0.153929E+000  -0.692843E+000
      0.7300   -0.538914E+000  -0.153928E+000  -0.692842E+000
      0.7400   -0.538914E+000  -0.153928E+000  -0.692842E+000
      0.7500   -0.538914E+000  -0.153927E+000  -0.692841E+000
      0.7600   -0.538914E+000  -0.153926E+000  -0.692840E+000
      0.7700   -0.538915E+000  -0.153925E+000  -0.692840E+000
      0.7800   -0.538915E+000  -0.153924E+000  -0.692839E+000
      0.7900   -0.538915E+000  -0.153923E+000  -0.692838E+000
      0.8000   -0.538915E+000  -0.153922E+000  -0.692837E+000
      0.8100   -0.538915E+000  -0.153921E+000  -0.692837E+000
      0.8200   -0.538916E+000  -0.153921E+000  -0.692836E+000
      0.8300   -0.538916E+000  -0.153920E+000  -0.692835E+000
      0.8400   -0.538916E+000  -0.153919E+000  -0.692835E+000
      0.8500   -0.538916E+000  -0.153918E+000  -0.692834E+000
      0.8600   -0.538917E+000  -0.153917E+000  -0.692834E+000
      0.8700   -0.538917E+000  -0.153916E+000  -0.692833E+000
      0.8800   -0.538917E+000  -0.153915E+000  -0.692832E+000
      0.8900   -0.538917E+000  -0.153914E+000  -0.692832E+000
      0.9000   -0.538918E+000  -0.153913E+000  -0.692831E+000
      0.9100   -0.538918E+000  -0.153913E+000  -0.692831E+000
      0.9200   -0.538918E+000  -0.153912E+000  -0.692830E+000
      0.9300   -0.538919E+000  -0.153911E+000  -0.692829E+000
      0.9400   -0.538919E+000  -0.153910E+000  -0.692829E+000
      0.9500   -0.538919E+000  -0.153909E+000  -0.692828E+000
      0.9600   -0.538920E+000  -0.153908E+000  -0.692828E+000
      0.9700   -0.538920E+000  -0.153907E+000  -0.692827E+000
      0.9800   -0.538921E+000  -0.153906E+000  -0.692827E+000
      0.9900   -0.538921E+000  -0.153905E+000  -0.692826E+000
      1.0000   -0.538921E+000  -0.153905E+000  -0.692827E+000
      1.0100   -0.538922E+000  -0.153898E+000  -0.692820E+000
      1.0200   -0.538922E+000  -0.153873E+000  -0.692795E+000
      1.0300   -0.538923E+000  -0.153830E+000  -0.692753E+000
      1.0400   -0.538923E+000  -0.153770E+000  -0.692694E+000
      1.0500   -0.538924E+000  -0.153694E+000  -0.692618E+000
      1.0600   -0.538925E+000  -0.153602E+000  -0.692526E+000
      1.0700   -0.538925E+000  -0.153494E+000  -0.692419E+000
      1.0800   -0.538925E+000  -0.153371E+000  -0.692297E+000
      1.0900   -0.538926E+000  -0.153234E+000  -0.692160E+000
      1.1000   -0.538926E+000  -0.153083E+000  -0.692009E+000
      1.1100   -0.538925E+000  -0.152920E+000  -0.691845E+000
      1.1200   -0.538924E+000  -0.152743E+000  -0.691668E+000
      1.1300   -0.538923E+000  -0.152556E+000  -0.691479E+000
      1.1400   -0.538921E+000  -0.152357E+000  -0.691278E+000
      1.1500   -0.538919E+000  -0.152147E+000  -0.691066E+000
      1.1600   -0.538916E+000  -0.151928E+000  -0.690844E+000
      1.1700   -0.538912E+000  -0.151700E+000  -0.690612E+000
      1.1800   -0.538907E+000  -0.151464E+000  -0.690371E+000
      1.1900   -0.538902E+000  -0.151219E+000  -0.690121E+000
      1.2000   -0.538895E+000  -0.150968E+000  -0.689863E+000
      1.2100   -0.538887E+000  -0.150710E+000  -0.689598E+000
      1.2200   -0.538878E+000  -0.150447E+000  -0.689325E+000
      1.2300   -0.538868E+000  -0.150178E+000  -0.689046E+000
      1.2400   -0.538856E+000  -0.149904E+000  -0.688760E+000
      1.2500   -0.538843E+000  -0.149626E+000  -0.688469E+000
      1.2600   -0.538828E+000  -0.149345E+000  -0.688173E+000
      1.2700   -0.538811E+000  -0.149061E+000  -0.687872E+000
      1.2800   -0.538793E+000  -0.148774E+000  -0.687567E+000
      1.2900   -0.538773E+000  -0.148485E+000  -0.687258E+000
      1.3000   -0.538751E+000  -0.148195E+000  -0.686946E+000
      1.3100   -0.538726E+000  -0.147904E+000  -0.686631E+000
      1.3200   -0.538700E+000  -0.147613E+000  -0.686313E+000
      1.3300   -0.538671E+000  -0.147321E+000  -0.685992E+000
      1.3400   -0.538640E+000  -0.147030E+000  -0.685670E+000
      1.3500   -0.538607E+000  -0.146739E+000  -0.685346E+000
      1.3600   -0.538571E+000  -0.146450E+000  -0.685021E+000
      1.3700   -0.538532E+000  -0.146163E+000  -0.684695E+000
      1.3800   -0.538491E+000  -0.145877E+000  -0.684368E+000
      1.3900   -0.538447E+000  -0.145594E+000  -0.684041E+000
      1.4000   -0.538400E+000  -0.145313E+000  -0.683713E+000
      1.4100   -0.538351E+000  -0.145035E+000  -0.683386E+000
      1.4200   -0.538298E+000  -0.144761E+000  -0.683059E+000
      1.4300   -0.538242E+000  -0.144490E+000  -0.682732E+000
      1.4400   -0.538183E+000  -0.144223E+000  -0.682406E+000
      1.4500   -0.538121E+000  -0.143960E+000  -0.682081E+000
      1.4600   -0.538056E+000  -0.143701E+000  -0.681757E+000
      1.4700   -0.537988E+000  -0.143447E+000  -0.681435E+000
      1.4800   -0.537916E+000  -0.143198E+000  -0.681114E+000
      1.4900   -0.537840E+000  -0.142954E+000  -0.680794E+000
      1.5000   -0.537761E+000  -0.142715E+000  -0.680476E+000
      1.5100   -0.537679E+000  -0.142481E+000  -0.680160E+000
      1.5200   -0.537593E+000  -0.142253E+000  -0.679846E+000
      1.5300   -0.537503E+000  -0.142031E+000  -0.679534E+000
      1.5400   -0.537410E+000  -0.141814E+000  -0.679224E+000
      1.5500   -0.537313E+000  -0.141604E+000  -0.678917E+000
      1.5600   -0.537213E+000  -0.141399E+000  -0.678612E+000
      1.5700   -0.537108E+000  -0.141201E+000  -0.678309E+000
      1.5800   -0.537000E+000  -0.141009E+000  -0.678009E+000
      1.5900   -0.536888E+000  -0.140823E+000  -0.677711E+000
      1.6000   -0.536772E+000  -0.140644E+000  -0.677416E+000
      1.6100   -0.536652E+000  -0.140472E+000  -0.677124E+000
      1.6200   -0.536529E+000  -0.140306E+000  -0.676835E+000
      1.6300   -0.536401E+000  -0.140147E+000  -0.676548E+000
      1.6400   -0.536270E+000  -0.139994E+000  -0.676264E+000
      1.6500   -0.536134E+000  -0.139848E+000  -0.675982E+000
      1.6600   -0.535995E+000  -0.139709E+000  -0.675704E+000
      1.6700   -0.535852E+000  -0.139576E+000  -0.675428E+000
      1.6800   -0.535705E+000  -0.139451E+000  -0.675155E+000
      1.6900   -0.535554E+000  -0.139332E+000  -0.674885E+000
      1.7000   -0.535399E+000  -0.139220E+000  -0.674618E+000
      1.7100   -0.535240E+000  -0.139114E+000  -0.674354E+000
      1.7200   -0.535077E+000  -0.139016E+000  -0.674092E+000
      1.7300   -0.534910E+000  -0.138924E+000  -0.673833E+000
      1.7400   -0.534739E+000  -0.138838E+000  -0.673577E+000
      1.7500   -0.534565E+000  -0.138759E+000  -0.673324E+000
      1.7600   -0.534386E+000  -0.138687E+000  -0.673073E+000
      1.7700   -0.534204E+000  -0.138621E+000  -0.672825E+000
      1.7800   -0.534018E+000  -0.138562E+000  -0.672580E+000
      1.7900   -0.533828E+000  -0.138509E+000  -0.672337E+000
      1.8000   -0.533634E+000  -0.138463E+000  -0.672097E+000
      1.8100   -0.533437E+000  -0.138422E+000  -0.671859E+000
      1.8200   -0.533235E+000  -0.138388E+000  -0.671624E+000
      1.8300   -0.533031E+000  -0.138360E+000  -0.671391E+000
      1.8400   -0.532822E+000  -0.138338E+000  -0.671160E+000
      1.8500   -0.532610E+000  -0.138322E+000  -0.670932E+000
      1.8600   -0.532394E+000  -0.138312E+000  -0.670706E+000
      1.8700   -0.532175E+000  -0.138308E+000  -0.670482E+000
      1.8800   -0.531952E+000  -0.138309E+000  -0.670261E+000
      1.8900   -0.531726E+000  -0.138316E+000  -0.670041E+000
      1.9000   -0.531496E+000  -0.138328E+000  -0.669824E+000
      1.9100   -0.531263E+000  -0.138345E+000  -0.669608E+000
      1.9200   -0.531026E+000  -0.138368E+000  -0.669395E+000
      1.9300   -0.530787E+000  -0.138396E+000  -0.669183E+000
      1.9400   -0.530544E+000  -0.138429E+000  -0.668973E+000
      1.9500   -0.530297E+000  -0.138467E+000  -0.668764E+000
      1.9600   -0.530048E+000  -0.138510E+000  -0.668558E+000
      1.9700   -0.529796E+000  -0.138557E+000  -0.668353E+000
      1.9800   -0.529540E+000  -0.138609E+000  -0.668149E+000
      1.9900   -0.529282E+000  -0.138665E+000  -0.667947E+000
      2.0000   -0.529020E+000  -0.138818E+000  -0.667838E+000
      2.0100   -0.528759E+000  -0.139426E+000  -0.668184E+000
      2.0200   -0.528499E+000  -0.140024E+000  -0.668523E+000
      2.0300   -0.528241E+000  -0.140613E+000  -0.668854E+000
      2.0400   -0.527985E+000  -0.141192E+000  -0.669177E+000
      2.0500   -0.527731E+000  -0.141761E+000  -0.669492E+000
      2.0600   -0.527479E+000  -0.142320E+000  -0.669799E+000
      2.0700   -0.527229E+000  -0.142870E+000  -0.670099E+000
      2.0800   -0.526981E+000  -0.143409E+000  -0.670390E+000
      2.0900   -0.526736E+000  -0.143939E+000  -0.670674E+000
      2.1000   -0.526493E+000  -0.144458E+000  -0.670951E+000
      2.1100   -0.526252E+000  -0.144967E+000  -0.671219E+000
      2.1200   -0.526014E+000  -0.145467E+000  -0.671481E+000
      2.1300   -0.525778E+000  -0.145957E+000  -0.671735E+000
      2.1400   -0.525545E+000  -0.146437E+000  -0.671981E+000
      2.1500   -0.525314E+000  -0.146907E+000  -0.672221E+000
      2.1600   -0.525086E+000  -0.147367E+000  -0.672454E+000
      2.1700   -0.524861E+000  -0.147818E+000  -0.672680E+000
      2.1800   -0.524639E+000  -0.148260E+000  -0.672899E+000
      2.1900   -0.524419E+000  -0.148692E+000  -0.673111E+000
      2.2000   -0.524203E+000  -0.149115E+000  -0.673318E+000
      2.2100   -0.523989E+000  -0.149529E+000  -0.673517E+000
      2.2200   -0.523778E+000  -0.149933E+000  -0.673711E+000
      2.2300   -0.523570E+000  -0.150329E+000  -0.673899E+000
      2.2400   -0.523365E+000  -0.150716E+000  -0.674081E+000
      2.2500   -0.523162E+000  -0.151095E+000  -0.674257E+000
      2.2600   -0.522963E+000  -0.151465E+000  -0.674428E+000
      2.2700   -0.522767E+000  -0.151826E+000  -0.674593E+000
      2.2800   -0.522574E+000  -0.152180E+000  -0.674753E+000
      2.2900   -0.522384E+000  -0.152525E+000  -0.674908E+000
      2.3000   -0.522197E+000  -0.152862E+000  -0.675058E+000
      2.3100   -0.522013E+000  -0.153191E+000  -0.675204E+000
      2.3200   -0.521832E+000  -0.153512E+000  -0.675344E+000
      2.3300   -0.521654E+000  -0.153826E+000  -0.675480E+000
      2.3400   -0.521479E+000  -0.154132E+000  -0.675611E+000
      2.3500   -0.521307E+000  -0.154431E+000  -0.675738E+000
      2.3600   -0.521139E+000  -0.154723E+000  -0.675861E+000
      2.3700   -0.520973E+000  -0.155007E+000  -0.675980E+000
      2.3800   -0.520811E+000  -0.155285E+000  -0.676095E+000
      2.3900   -0.520651E+000  -0.155555E+000  -0.676207E+000
      2.4000   -0.520495E+000  -0.155819E+000  -0.676314E+000
      2.4100   -0.520342E+000  -0.156076E+000  -0.676418E+000
      2.4200   -0.520192E+000  -0.156327E+000  -0.676519E+000
      2.4300   -0.520045E+000  -0.156571E+000  -0.676616E+000
      2.4400   -0.519901E+000  -0.156809E+000  -0.676710E+000
      2.4500   -0.519760E+000  -0.157041E+000  -0.676801E+000
      2.4600   -0.519622E+000  -0.157267E+000  -0.676889E+000
      2.4700   -0.519487E+000  -0.157487E+000  -0.676974E+000
      2.4800   -0.519355E+000  -0.157701E+000  -0.677056E+000
      2.4900   -0.519226E+000  -0.157909E+000  -0.677135E+000
      2.5000   -0.519101E+000  -0.158112E+000  -0.677212E+000
      2.5100   -0.518978E+000  -0.158309E+000  -0.677287E+000
      2.5200   -0.518858E+000  -0.158501E+000  -0.677359E+000
      2.5300   -0.518741E+000  -0.158687E+000  -0.677428E+000
      2.5400   -0.518627E+000  -0.158869E+000  -0.677496E+000
      2.5500   -0.518516E+000  -0.159045E+000  -0.677561E+000
      2.5600   -0.518408E+000  -0.159217E+000  -0.677624E+000
      2.5700   -0.518303E+000  -0.159383E+000  -0.677686E+000
      2.5800   -0.518200E+000  -0.159545E+000  -0.677745E+000
      2.5900   -0.518101E+000  -0.159702E+000  -0.677802E+000
      2.6000   -0.518004E+000  -0.159854E+000  -0.677858E+000
      2.6100   -0.517910E+000  -0.160002E+000  -0.677912E+000
      2.6200   -0.517819E+000  -0.160146E+000  -0.677965E+000
      2.6300   -0.517731E+000  -0.160285E+000  -0.678016E+000
      2.6400   -0.517645E+000  -0.160420E+000  -0.678065E+000
      2.6500   -0.517563E+000  -0.160550E+000  -0.678113E+000
      2.6600   -0.517483E+000  -0.160677E+000  -0.678160E+000
      2.6700   -0.517405E+000  -0.160800E+000  -0.678205E+000
      2.6800   -0.517330E+000  -0.160919E+000  -0.678249E+000
      2.6900   -0.517258E+000  -0.161034E+000  -0.678292E+000
      2.7000   -0.517189E+000  -0.161145E+000  -0.678334E+000
      2.7100   -0.517122E+000  -0.161252E+000  -0.678375E+000
      2.7200   -0.517058E+000  -0.161356E+000  -0.678414E+000
      2.7300   -0.516996E+000  -0.161457E+000  -0.678453E+000
      2.7400   -0.516937E+000  -0.161553E+000  -0.678491E+000
      2.7500   -0.516881E+000  -0.161647E+000  -0.678528E+000
      2.7600   -0.516827E+000  -0.161737E+000  -0.678564E+000
      2.7700   -0.516775E+000  -0.161824E+000  -0.678599E+000
      2.7800   -0.516726E+000  -0.161908E+000  -0.678633E+000
      2.7900   -0.516679E+000  -0.161988E+000  -0.678667E+000
      2.8000   -0.516635E+000  -0.162065E+000  -0.678700E+000
      2.8100   -0.516593E+000  -0.162140E+000  -0.678733E+000
      2.8200   -0.516553E+000  -0.162211E+000  -0.678764E+000
      2.8300   -0.516516E+000  -0.162280E+000  -0.678796E+000
      2.8400   -0.516481E+000  -0.162346E+000  -0.678826E+000
      2.8500   -0.516448E+000  -0.162409E+000  -0.678857E+000
      2.8600   -0.516418E+000  -0.162469E+000  -0.678886E+000
      2.8700   -0.516389E+000  -0.162526E+000  -0.678916E+000
      2.8800   -0.516363E+000  -0.162581E+000  -0.678945E+000
      2.8900   -0.516340E+000  -0.162633E+000  -0.678973E+000
      2.9000   -0.516318E+000  -0.162683E+000  -0.679001E+000
      2.9100   -0.516298E+000  -0.162730E+000  -0.679029E+000
      2.9200   -0.516281E+000  -0.162775E+000  -0.679056E+000
      2.9300   -0.516266E+000  -0.162818E+000  -0.679083E+000
      2.9400   -0.516253E+000  -0.162858E+000  -0.679110E+000
      2.9500   -0.516241E+000  -0.162895E+000  -0.679137E+000
      2.9600   -0.516232E+000  -0.162931E+000  -0.679163E+000
      2.9700   -0.516225E+000  -0.162964E+000  -0.679189E+000
      2.9800   -0.516220E+000  -0.162995E+000  -0.679215E+000
      2.9900   -0.516217E+000  -0.163024E+000  -0.679241E+000
      3.0000   -0.516215E+000  -0.163051E+000  -0.679267E+000
      3.0100   -0.516216E+000  -0.163076E+000  -0.679292E+000
      3.0200   -0.516218E+000  -0.163099E+000  -0.679317E+000
      3.0300   -0.516223E+000  -0.163120E+000  -0.679343E+000
      3.0400   -0.516229E+000  -0.163139E+000  -0.679368E+000
      3.0500   -0.516237E+000  -0.163156E+000  -0.679393E+000
      3.0600   -0.516247E+000  -0.163171E+000  -0.679418E+000
      3.0700   -0.516258E+000  -0.163184E+000  -0.679442E+000
      3.0800   -0.516272E+000  -0.163196E+000  -0.679467E+000
      3.0900   -0.516287E+000  -0.163205E+000  -0.679492E+000
      3.1000   -0.516303E+000  -0.163213E+000  -0.679517E+000
      3.1100   -0.516322E+000  -0.163220E+000  -0.679541E+000
      3.1200   -0.516342E+000  -0.163224E+000  -0.679566E+000
      3.1300   -0.516364E+000  -0.163227E+000  -0.679591E+000
      3.1400   -0.516387E+000  -0.163228E+000  -0.679615E+000
      3.1500   -0.516412E+000  -0.163228E+000  -0.679640E+000
      3.1600   -0.516438E+000  -0.163226E+000  -0.679665E+000
      3.1700   -0.516466E+000  -0.163223E+000  -0.679690E+000
      3.1800   -0.516496E+000  -0.163218E+000  -0.679714E+000
      3.1900   -0.516527E+000  -0.163212E+000  -0.679739E+000
      3.2000   -0.516560E+000  -0.163204E+000  -0.679764E+000
      3.2100   -0.516594E+000  -0.163195E+000  -0.679789E+000
      3.2200   -0.516629E+000  -0.163185E+000  -0.679814E+000
      3.2300   -0.516666E+000  -0.163173E+000  -0.679839E+000
      3.2400   -0.516705E+000  -0.163159E+000  -0.679864E+000
      3.2500   -0.516744E+000  -0.163145E+000  -0.679889E+000
      3.2600   -0.516785E+000  -0.163129E+000  -0.679914E+000
      3.2700   -0.516828E+000  -0.163112E+000  -0.679940E+000
      3.2800   -0.516872E+000  -0.163093E+000  -0.679965E+000
      3.2900   -0.516917E+000  -0.163074E+000  -0.679990E+000
      3.3000   -0.516963E+000  -0.163053E+000  -0.680016E+000
      3.3100   -0.517011E+000  -0.163031E+000  -0.680042E+000
      3.3200   -0.517059E+000  -0.163008E+000  -0.680067E+000
      3.3300   -0.517110E+000  -0.162984E+000  -0.680093E+000
      3.3400   -0.517161E+000  -0.162958E+000  -0.680119E+000
      3.3500   -0.517213E+000  -0.162932E+000  -0.680145E+000
      3.3600   -0.517267E+000  -0.162904E+000  -0.680171E+000
      3.3700   -0.517322E+000  -0.162875E+000  -0.680197E+000
      3.3800   -0.517378E+000  -0.162846E+000  -0.680224E+000
      3.3900   -0.517435E+000  -0.162815E+000  -0.680250E+000
      3.4000   -0.517493E+000  -0.162784E+000  -0.680276E+000
      3.4100   -0.517552E+000  -0.162751E+000  -0.680303E+000
      3.4200   -0.517612E+000  -0.162717E+000  -0.680330E+000
      3.4300   -0.517674E+000  -0.162683E+000  -0.680356E+000
      3.4400   -0.517736E+000  -0.162647E+000  -0.680383E+000
      3.4500   -0.517799E+000  -0.162611E+000  -0.680410E+000
      3.4600   -0.517864E+000  -0.162574E+000  -0.680438E+000
      3.4700   -0.517929E+000  -0.162536E+000  -0.680465E+000
      3.4800   -0.517995E+000  -0.162497E+000  -0.680492E+000
      3.4900   -0.518063E+000  -0.162457E+000  -0.680519E+000
      3.5000   -0.518131E+000  -0.162416E+000  -0.680547E+000
      3.5100   -0.518200E+000  -0.162375E+000  -0.680575E+000
      3.5200   -0.518270E+000  -0.162333E+000  -0.680602E+000
      3.5300   -0.518340E+000  -0.162290E+000  -0.680630E+000
      3.5400   -0.518412E+000  -0.162246E+000  -0.680658E+000
      3.5500   -0.518484E+000  -0.162202E+000  -0.680686E+000
      3.5600   -0.518558E+000  -0.162157E+000  -0.680714E+000
      3.5700   -0.518632E+000  -0.162111E+000  -0.680743E+000
      3.5800   -0.518706E+000  -0.162065E+000  -0.680771E+000
      3.5900   -0.518782E+000  -0.162017E+000  -0.680799E+000
      3.6000   -0.518858E+000  -0.161970E+000  -0.680828E+000
      3.6100   -0.518936E+000  -0.161921E+000  -0.680857E+000
      3.6200   -0.519013E+000  -0.161872E+000  -0.680885E+000
      3.6300   -0.519092E+000  -0.161822E+000  -0.680914E+000
      3.6400   -0.519171E+000  -0.161772E+000  -0.680943E+000
      3.6500   -0.519251E+000  -0.161721E+000  -0.680972E+000
      3.6600   -0.519331E+000  -0.161670E+000  -0.681001E+000
      3.6700   -0.519413E+000  -0.161618E+000  -0.681031E+000
      3.6800   -0.519494E+000  -0.161565E+000  -0.681060E+000
      3.6900   -0.519577E+000  -0.161512E+000  -0.681089E+000
      3.7000   -0.519660E+000  -0.161459E+000  -0.681119E+000
      3.7100   -0.519743E+000  -0.161405E+000  -0.681148E+000
      3.7200   -0.519828E+000  -0.161350E+000  -0.681178E+000
      3.7300   -0.519912E+000  -0.161295E+000  -0.681208E+000
      3.7400   -0.519997E+000  -0.161240E+000  -0.681237E+000
      3.7500   -0.520083E+000  -0.161184E+000  -0.681267E+000
      3.7600   -0.520170E+000  -0.161128E+000  -0.681297E+000
      3.7700   -0.520256E+000  -0.161071E+000  -0.681327E+000
      3.7800   -0.520344E+000  -0.161014E+000  -0.681357E+000
      3.7900   -0.520431E+000  -0.160956E+000  -0.681388E+000
      3.8000   -0.520519E+000  -0.160898E+000  -0.681418E+000
      3.8100   -0.520608E+000  -0.160840E+000  -0.681448E+000
      3.8200   -0.520697E+000  -0.160782E+000  -0.681479E+000
      3.8300   -0.520787E+000  -0.160723E+000  -0.681509E+000
      3.8400   -0.520876E+000  -0.160663E+000  -0.681540E+000
      3.8500   -0.520967E+000  -0.160604E+000  -0.681570E+000
      3.8600   -0.521057E+000  -0.160544E+000  -0.681601E+000
      3.8700   -0.521148E+000  -0.160483E+000  -0.681632E+000
      3.8800   -0.521239E+000  -0.160423E+000  -0.681662E+000
      3.8900   -0.521331E+000  -0.160362E+000  -0.681693E+000
      3.9000   -0.521423E+000  -0.160301E+000  -0.681724E+000
      3.9100   -0.521515E+000  -0.160240E+000  -0.681755E+000
      3.9200   -0.521608E+000  -0.160178E+000  -0.681786E+000
      3.9300   -0.521701E+000  -0.160116E+000  -0.681817E+000
      3.9400   -0.521794E+000  -0.160054E+000  -0.681848E+000
      3.9500   -0.521887E+000  -0.159992E+000  -0.681879E+000
      3.9600   -0.521981E+000  -0.159930E+000  -0.681911E+000
      3.9700   -0.522075E+000  -0.159867E+000  -0.681942E+000
      3.9800   -0.522169E+000  -0.159804E+000  -0.681973E+000
      3.9900   -0.522263E+000  -0.159741E+000  -0.682004E+000
      4.0000   -0.522358E+000  -0.159678E+000  -0.682036E+000
      4.0100   -0.522452E+000  -0.159615E+000  -0.682067E+000
      4.0200   -0.522547E+000  -0.159551E+000  -0.682099E+000
      4.0300   -0.522642E+000  -0.159488E+000  -0.682130E+000
      4.0400   -0.522738E+000  -0.159424E+000  -0.682162E+000
      4.0500   -0.522833E+000  -0.159360E+000  -0.682193E+000
      4.0600   -0.522928E+000  -0.159296E+000  -0.682225E+000
      4.0700   -0.523024E+000  -0.159232E+000  -0.682256E+000
      4.0800   -0.523120E+000  -0.159168E+000  -0.682288E+000
      4.0900   -0.523216E+000  -0.159104E+000  -0.682320E+000
      4.1000   -0.523311E+000  -0.159040E+000  -0.682351E+000
      4.1100   -0.523407E+000  -0.158975E+000  -0.682383E+000
      4.1200   -0.523503E+000  -0.158911E+000  -0.682415E+000
      4.1300   -0.523600E+000  -0.158847E+000  -0.682446E+000
      4.1400   -0.523696E+000  -0.158782E+000  -0.682478E+000
      4.1500   -0.523792E+000  -0.158718E+000  -0.682510E+000
      4.1600   -0.523888E+000  -0.158653E+000  -0.682542E+000
      4.1700   -0.523985E+000  -0.158589E+000  -0.682573E+000
      4.1800   -0.524081E+000  -0.158524E+000  -0.682605E+000
      4.1900   -0.524177E+000  -0.158460E+000  -0.682637E+000
      4.2000   -0.524273E+000  -0.158395E+000  -0.682669E+000
      4.2100   -0.524370E+000  -0.158331E+000  -0.682701E+000
      4.2200   -0.524466E+000  -0.158266E+000  -0.682732E+000
      4.2300   -0.524562E+000  -0.158202E+000  -0.682764E+000
      4.2400   -0.524658E+000  -0.158138E+000  -0.682796E+000
      4.2500   -0.524754E+000  -0.158073E+000  -0.682828E+000
      4.2600   -0.524850E+000  -0.158009E+000  -0.682860E+000
      4.2700   -0.524946E+000  -0.157945E+000  -0.682891E+000
      4.2800   -0.525042E+000  -0.157881E+000  -0.682923E+000
      4.2900   -0.525138E+000  -0.157817E+000  -0.682955E+000
      4.3000   -0.525234E+000  -0.157753E+000  -0.682987E+000
      4.3100   -0.525329E+000  -0.157689E+000  -0.683018E+000
      4.3200   -0.525425E+000  -0.157625E+000  -0.683050E+000
      4.3300   -0.525520E+000  -0.157562E+000  -0.683082E+000
      4.3400   -0.525615E+000  -0.157498E+000  -0.683114E+000
      4.3500   -0.525710E+000  -0.157435E+000  -0.683145E+000
      4.3600   -0.525805E+000  -0.157371E+000  -0.683177E+000
      4.3700   -0.525900E+000  -0.157308E+000  -0.683209E+000
      4.3800   -0.525995E+000  -0.157245E+000  -0.683240E+000
      4.3900   -0.526089E+000  -0.157182E+000  -0.683272E+000
      4.4000   -0.526184E+000  -0.157120E+000  -0.683303E+000
      4.4100   -0.526278E+000  -0.157057E+000  -0.683335E+000
      4.4200   -0.526372E+000  -0.156995E+000  -0.683366E+000
      4.4300   -0.526465E+000  -0.156932E+000  -0.683398E+000
      4.4400   -0.526559E+000  -0.156870E+000  -0.683429E+000
      4.4500   -0.526652E+000  -0.156808E+000  -0.683461E+000
      4.4600   -0.526745E+000  -0.156747E+000  -0.683492E+000
      4.4700   -0.526838E+000  -0.156685E+000  -0.683524E+000
      4.4800   -0.526931E+000  -0.156624E+000  -0.683555E+000
      4.4900   -0.527023E+000  -0.156563E+000  -0.683586E+000
      4.5000   -0.527116E+000  -0.156502E+000  -0.683617E+000
      4.5100   -0.527208E+000  -0.156441E+000  -0.683649E+000
      4.5200   -0.527299E+000  -0.156380E+000  -0.683680E+000
      4.5300   -0.527391E+000  -0.156320E+000  -0.683711E+000
      4.5400   -0.527482E+000  -0.156260E+000  -0.683742E+000
      4.5500   -0.527573E+000  -0.156200E+000  -0.683773E+000
      4.5600   -0.527663E+000  -0.156141E+000  -0.683804E+000
      4.5700   -0.527754E+000  -0.156081E+000  -0.683835E+000
      4.5800   -0.527844E+000  -0.156022E+000  -0.683866E+000
      4.5900   -0.527933E+000  -0.155963E+000  -0.683896E+000
      4.6000   -0.528023E+000  -0.155904E+000  -0.683927E+000
      4.6100   -0.528112E+000  -0.155846E+000  -0.683958E+000
      4.6200   -0.528201E+000  -0.155788E+000  -0.683989E+000
      4.6300   -0.528289E+000  -0.155730E+000  -0.684019E+000
      4.6400   -0.528377E+000  -0.155672E+000  -0.684050E+000
      4.6500   -0.528465E+000  -0.155615E+000  -0.684080E+000
      4.6600   -0.528553E+000  -0.155558E+000  -0.684111E+000
      4.6700   -0.528640E+000  -0.155501E+000  -0.684141E+000
      4.6800   -0.528727E+000  -0.155445E+000  -0.684171E+000
      4.6900   -0.528813E+000  -0.155388E+000  -0.684201E+000
      4.7000   -0.528899E+000  -0.155332E+000  -0.684232E+000
      4.7100   -0.528985E+000  -0.155277E+000  -0.684262E+000
      4.7200   -0.529070E+000  -0.155221E+000  -0.684292E+000
      4.7300   -0.529155E+000  -0.155166E+000  -0.684322E+000
      4.7400   -0.529240E+000  -0.155111E+000  -0.684351E+000
      4.7500   -0.529324E+000  -0.155057E+000  -0.684381E+000
      4.7600   -0.529408E+000  -0.155003E+000  -0.684411E+000
      4.7700   -0.529492E+000  -0.154949E+000  -0.684441E+000
      4.7800   -0.529575E+000  -0.154895E+000  -0.684470E+000
      4.7900   -0.529658E+000  -0.154842E+000  -0.684500E+000
      4.8000   -0.529740E+000  -0.154789E+000  -0.684529E+000
      4.8100   -0.529822E+000  -0.154737E+000  -0.684559E+000
      4.8200   -0.529904E+000  -0.154684E+000  -0.684588E+000
      4.8300   -0.529985E+000  -0.154632E+000  -0.684617E+000
      4.8400   -0.530065E+000  -0.154581E+000  -0.684646E+000
      4.8500   -0.530146E+000  -0.154529E+000  -0.684675E+000
      4.8600   -0.530226E+000  -0.154479E+000  -0.684704E+000
      4.8700   -0.530305E+000  -0.154428E+000  -0.684733E+000
      4.8800   -0.530384E+000  -0.154378E+000  -0.684762E+000
      4.8900   -0.530463E+000  -0.154328E+000  -0.684791E+000
      4.9000   -0.530541E+000  -0.154278E+000  -0.684819E+000
      4.9100   -0.530619E+000  -0.154229E+000  -0.684848E+000
      4.9200   -0.530696E+000  -0.154180E+000  -0.684876E+000
      4.9300   -0.530773E+000  -0.154131E+000  -0.684905E+000
      4.9400   -0.530850E+000  -0.154083E+000  -0.684933E+000
      4.9500   -0.530926E+000  -0.154035E+000  -0.684961E+000
      4.9600   -0.531001E+000  -0.153988E+000  -0.684989E+000
      4.9700   -0.531077E+000  -0.153941E+000  -0.685017E+000
      4.9800   -0.531151E+000  -0.153894E+000  -0.685045E+000
      4.9900   -0.531226E+000  -0.153847E+000  -0.685073E+000
      5.0000   -0.531299E+000  -0.153801E+000  -0.685101E+000
      5.0100   -0.531373E+000  -0.153756E+000  -0.685128E+000
      5.0200   -0.531446E+000  -0.153710E+000  -0.685156E+000
      5.0300   -0.531518E+000  -0.153665E+000  -0.685183E+000
      5.0400   -0.531590E+000  -0.153621E+000  -0.685211E+000
      5.0500   -0.531661E+000  -0.153576E+000  -0.685238E+000
      5.0600   -0.531732E+000  -0.153533E+000  -0.685265E+000
      5.0700   -0.531803E+000  -0.153489E+000  -0.685292E+000
      5.0800   -0.531873E+000  -0.153446E+000  -0.685319E+000
      5.0900   -0.531943E+000  -0.153403E+000  -0.685346E+000
      5.1000   -0.532012E+000  -0.153361E+000  -0.685373E+000
      5.1100   -0.532081E+000  -0.153319E+000  -0.685399E+000
      5.1200   -0.532149E+000  -0.153277E+000  -0.685426E+000
      5.1300   -0.532216E+000  -0.153236E+000  -0.685452E+000
      5.1400   -0.532284E+000  -0.153195E+000  -0.685479E+000
      5.1500   -0.532350E+000  -0.153155E+000  -0.685505E+000
      5.1600   -0.532417E+000  -0.153114E+000  -0.685531E+000
      5.1700   -0.532483E+000  -0.153075E+000  -0.685557E+000
      5.1800   -0.532548E+000  -0.153035E+000  -0.685583E+000
      5.1900   -0.532613E+000  -0.152996E+000  -0.685609E+000
      5.2000   -0.532677E+000  -0.152958E+000  -0.685635E+000
      5.2100   -0.532741E+000  -0.152920E+000  -0.685660E+000
      5.2200   -0.532804E+000  -0.152882E+000  -0.685686E+000
      5.2300   -0.532867E+000  -0.152844E+000  -0.685711E+000
      5.2400   -0.532929E+000  -0.152807E+000  -0.685737E+000
      5.2500   -0.532991E+000  -0.152771E+000  -0.685762E+000
      5.2600   -0.533053E+000  -0.152734E+000  -0.685787E+000
      5.2700   -0.533114E+000  -0.152698E+000  -0.685812E+000
      5.2800   -0.533174E+000  -0.152663E+000  -0.685837E+000
      5.2900   -0.533234E+000  -0.152628E+000  -0.685862E+000
      5.3000   -0.533293E+000  -0.152593E+000  -0.685887E+000
      5.3100   -0.533352E+000  -0.152559E+000  -0.685911E+000
      5.3200   -0.533411E+000  -0.152525E+000  -0.685936E+000
      5.3300   -0.533469E+000  -0.152491E+000  -0.685960E+000
      5.3400   -0.533526E+000  -0.152458E+000  -0.685984E+000
      5.3500   -0.533583E+000  -0.152425E+000  -0.686008E+000
      5.3600   -0.533639E+000  -0.152393E+000  -0.686032E+000
      5.3700   -0.533695E+000  -0.152361E+000  -0.686056E+000
      5.3800   -0.533751E+000  -0.152329E+000  -0.686080E+000
      5.3900   -0.533806E+000  -0.152298E+000  -0.686104E+000
      5.4000   -0.533860E+000  -0.152267E+000  -0.686128E+000
      5.4100   -0.533914E+000  -0.152237E+000  -0.686151E+000
      5.4200   -0.533968E+000  -0.152207E+000  -0.686175E+000
      5.4300   -0.534021E+000  -0.152177E+000  -0.686198E+000
      5.4400   -0.534073E+000  -0.152148E+000  -0.686221E+000
      5.4500   -0.534125E+000  -0.152119E+000  -0.686244E+000
      5.4600   -0.534177E+000  -0.152090E+000  -0.686267E+000
      5.4700   -0.534228E+000  -0.152062E+000  -0.686290E+000
      5.4800   -0.534278E+000  -0.152035E+000  -0.686313E+000
      5.4900   -0.534328E+000  -0.152007E+000  -0.686335E+000
      5.5000   -0.534378E+000  -0.151980E+000  -0.686358E+000
      5.5100   -0.534427E+000  -0.151954E+000  -0.686380E+000
      5.5200   -0.534475E+000  -0.151927E+000  -0.686403E+000
      5.5300   -0.534523E+000  -0.151902E+000  -0.686425E+000
      5.5400   -0.534571E+000  -0.151876E+000  -0.686447E+000
      5.5500   -0.534618E+000  -0.151851E+000  -0.686469E+000
      5.5600   -0.534665E+000  -0.151826E+000  -0.686491E+000
      5.5700   -0.534711E+000  -0.151802E+000  -0.686513E+000
      5.5800   -0.534756E+000  -0.151778E+000  -0.686535E+000
      5.5900   -0.534801E+000  -0.151755E+000  -0.686556E+000
      5.6000   -0.534846E+000  -0.151732E+000  -0.686578E+000
      5.6100   -0.534890E+000  -0.151709E+000  -0.686599E+000
      5.6200   -0.534934E+000  -0.151686E+000  -0.686620E+000
      5.6300   -0.534977E+000  -0.151664E+000  -0.686641E+000
      5.6400   -0.535020E+000  -0.151643E+000  -0.686662E+000
      5.6500   -0.535062E+000  -0.151622E+000  -0.686683E+000
      5.6600   -0.535104E+000  -0.151601E+000  -0.686704E+000
      5.6700   -0.535145E+000  -0.151580E+000  -0.686725E+000
      5.6800   -0.535186E+000  -0.151560E+000  -0.686746E+000
      5.6900   -0.535226E+000  -0.151540E+000  -0.686766E+000
      5.7000   -0.535266E+000  -0.151521E+000  -0.686787E+000
      5.7100   -0.535305E+000  -0.151502E+000  -0.686807E+000
      5.7200   -0.535344E+000  -0.151483E+000  -0.686827E+000
      5.7300   -0.535382E+000  -0.151465E+000  -0.686847E+000
      5.7400   -0.535420E+000  -0.151447E+000  -0.686867E+000
      5.7500   -0.535458E+000  -0.151429E+000  -0.686887E+000
      5.7600   -0.535495E+000  -0.151412E+000  -0.686907E+000
      5.7700   -0.535531E+000  -0.151395E+000  -0.686927E+000
      5.7800   -0.535567E+000  -0.151379E+000  -0.686946E+000
      5.7900   -0.535603E+000  -0.151363E+000  -0.686966E+000
      5.8000   -0.535638E+000  -0.151347E+000  -0.686985E+000
      5.8100   -0.535673E+000  -0.151331E+000  -0.687004E+000
      5.8200   -0.535707E+000  -0.151316E+000  -0.687024E+000
      5.8300   -0.535741E+000  -0.151302E+000  -0.687043E+000
      5.8400   -0.535774E+000  -0.151287E+000  -0.687062E+000
      5.8500   -0.535807E+000  -0.151273E+000  -0.687081E+000
      5.8600   -0.535840E+000  -0.151260E+000  -0.687099E+000
      5.8700   -0.535872E+000  -0.151246E+000  -0.687118E+000
      5.8800   -0.535903E+000  -0.151233E+000  -0.687137E+000
      5.8900   -0.535934E+000  -0.151221E+000  -0.687155E+000
      5.9000   -0.535965E+000  -0.151209E+000  -0.687174E+000
      5.9100   -0.535995E+000  -0.151197E+000  -0.687192E+000
      5.9200   -0.536025E+000  -0.151185E+000  -0.687210E+000
      5.9300   -0.536054E+000  -0.151174E+000  -0.687228E+000
      5.9400   -0.536083E+000  -0.151163E+000  -0.687246E+000
      5.9500   -0.536112E+000  -0.151152E+000  -0.687264E+000
      5.9600   -0.536140E+000  -0.151142E+000  -0.687282E+000
      5.9700   -0.536167E+000  -0.151132E+000  -0.687300E+000
      5.9800   -0.536195E+000  -0.151123E+000  -0.687317E+000
      5.9900   -0.536221E+000  -0.151114E+000  -0.687335E+000
      6.0000   -0.536248E+000  -0.151105E+000  -0.687352E+000
      6.0100   -0.536274E+000  -0.151096E+000  -0.687370E+000
      6.0200   -0.536299E+000  -0.151088E+000  -0.687387E+000
      6.0300   -0.536324E+000  -0.151080E+000  -0.687404E+000
      6.0400   -0.536349E+000  -0.151072E+000  -0.687421E+000
      6.0500   -0.536373E+000  -0.151065E+000  -0.687438E+000
      6.0600   -0.536397E+000  -0.151058E+000  -0.687455E+000
      6.0700   -0.536421E+000  -0.151052E+000  -0.687472E+000
      6.0800   -0.536444E+000  -0.151045E+000  -0.687489E+000
      6.0900   -0.536466E+000  -0.151039E+000  -0.687506E+000
      6.1000   -0.536489E+000  -0.151034E+000  -0.687522E+000
      6.1100   -0.536510E+000  -0.151028E+000  -0.687539E+000
      6.1200   -0.536532E+000  -0.151023E+000  -0.687555E+000
      6.1300   -0.536553E+000  -0.151018E+000  -0.687571E+000
      6.1400   -0.536574E+000  -0.151014E+000  -0.687588E+000
      6.1500   -0.536594E+000  -0.151010E+000  -0.687604E+000
      6.1600   -0.536614E+000  -0.151006E+000  -0.687620E+000
      6.1700   -0.536633E+000  -0.151002E+000  -0.687636E+000
      6.1800   -0.536653E+000  -0.150999E+000  -0.687652E+000
      6.1900   -0.536671E+000  -0.150996E+000  -0.687667E+000
      6.2000   -0.536690E+000  -0.150993E+000  -0.687683E+000
      6.2100   -0.536708E+000  -0.150991E+000  -0.687699E+000
      6.2200   -0.536725E+000  -0.150989E+000  -0.687714E+000
      6.2300   -0.536743E+000  -0.150987E+000  -0.687730E+000
      6.2400   -0.536760E+000  -0.150986E+000  -0.687745E+000
      6.2500   -0.536776E+000  -0.150984E+000  -0.687761E+000
      6.2600   -0.536792E+000  -0.150983E+000  -0.687776E+000
      6.2700   -0.536808E+000  -0.150983E+000  -0.687791E+000
      6.2800   -0.536824E+000  -0.150982E+000  -0.687806E+000
      6.2900   -0.536839E+000  -0.150982E+000  -0.687821E+000
      6.3000   -0.536854E+000  -0.150982E+000  -0.687836E+000
      6.3100   -0.536868E+000  -0.150983E+000  -0.687851E+000
      6.3200   -0.536882E+000  -0.150984E+000  -0.687866E+000
      6.3300   -0.536896E+000  -0.150984E+000  -0.687880E+000
      6.3400   -0.536909E+000  -0.150986E+000  -0.687895E+000
      6.3500   -0.536922E+000  -0.150987E+000  -0.687910E+000
      6.3600   -0.536935E+000  -0.150989E+000  -0.687924E+000
      6.3700   -0.536948E+000  -0.150991E+000  -0.687939E+000
      6.3800   -0.536960E+000  -0.150993E+000  -0.687953E+000
      6.3900   -0.536972E+000  -0.150996E+000  -0.687967E+000
      6.4000   -0.536983E+000  -0.150999E+000  -0.687981E+000
      6.4100   -0.536994E+000  -0.151002E+000  -0.687996E+000
      6.4200   -0.537005E+000  -0.151005E+000  -0.688010E+000
      6.4300   -0.537015E+000  -0.151008E+000  -0.688024E+000
      6.4400   -0.537026E+000  -0.151012E+000  -0.688038E+000
      6.4500   -0.537035E+000  -0.151016E+000  -0.688052E+000
      6.4600   -0.537045E+000  -0.151020E+000  -0.688065E+000
      6.4700   -0.537054E+000  -0.151025E+000  -0.688079E+000
      6.4800   -0.537063E+000  -0.151030E+000  -0.688093E+000
      6.4900   -0.537072E+000  -0.151034E+000  -0.688106E+000
      6.5000   -0.537080E+000  -0.151040E+000  -0.688120E+000
      6.5100   -0.537088E+000  -0.151045E+000  -0.688134E+000
      6.5200   -0.537096E+000  -0.151051E+000  -0.688147E+000
      6.5300   -0.537104E+000  -0.151057E+000  -0.688160E+000
      6.5400   -0.537111E+000  -0.151063E+000  -0.688174E+000
      6.5500   -0.537118E+000  -0.151069E+000  -0.688187E+000
      6.5600   -0.537125E+000  -0.151075E+000  -0.688200E+000
      6.5700   -0.537131E+000  -0.151082E+000  -0.688213E+000
      6.5800   -0.537137E+000  -0.151089E+000  -0.688226E+000
      6.5900   -0.537143E+000  -0.151096E+000  -0.688239E+000
      6.6000   -0.537149E+000  -0.151104E+000  -0.688252E+000
      6.6100   -0.537154E+000  -0.151111E+000  -0.688265E+000
      6.6200   -0.537159E+000  -0.151119E+000  -0.688278E+000
      6.6300   -0.537164E+000  -0.151127E+000  -0.688291E+000
      6.6400   -0.537168E+000  -0.151135E+000  -0.688304E+000
      6.6500   -0.537173E+000  -0.151144E+000  -0.688316E+000
      6.6600   -0.537177E+000  -0.151152E+000  -0.688329E+000
      6.6700   -0.537181E+000  -0.151161E+000  -0.688341E+000
      6.6800   -0.537184E+000  -0.151170E+000  -0.688354E+000
      6.6900   -0.537187E+000  -0.151179E+000  -0.688366E+000
      6.7000   -0.537191E+000  -0.151188E+000  -0.688379E+000
      6.7100   -0.537193E+000  -0.151198E+000  -0.688391E+000
      6.7200   -0.537196E+000  -0.151208E+000  -0.688404E+000
      6.7300   -0.537198E+000  -0.151217E+000  -0.688416E+000
      6.7400   -0.537201E+000  -0.151228E+000  -0.688428E+000
      6.7500   -0.537202E+000  -0.151238E+000  -0.688440E+000
      6.7600   -0.537204E+000  -0.151248E+000  -0.688452E+000
      6.7700   -0.537206E+000  -0.151259E+000  -0.688464E+000
      6.7800   -0.537207E+000  -0.151269E+000  -0.688476E+000
      6.7900   -0.537208E+000  -0.151280E+000  -0.688488E+000
      6.8000   -0.537209E+000  -0.151291E+000  -0.688500E+000
      6.8100   -0.537210E+000  -0.151303E+000  -0.688512E+000
      6.8200   -0.537210E+000  -0.151314E+000  -0.688524E+000
      6.8300   -0.537210E+000  -0.151326E+000  -0.688536E+000
      6.8400   -0.537210E+000  -0.151337E+000  -0.688548E+000
      6.8500   -0.537210E+000  -0.151349E+000  -0.688559E+000
      6.8600   -0.537210E+000  -0.151361E+000  -0.688571E+000
      6.8700   -0.537209E+000  -0.151373E+000  -0.688583E+000
      6.8800   -0.537209E+000  -0.151386E+000  -0.688594E+000
      6.8900   -0.537208E+000  -0.151398E+000  -0.688606E+000
      6.9000   -0.537207E+000  -0.151411E+000  -0.688617E+000
      6.9100   -0.537205E+000  -0.151423E+000  -0.688629E+000
      6.9200   -0.537204E+000  -0.151436E+000  -0.688640E+000
      6.9300   -0.537202E+000  -0.151449E+000  -0.688652E+000
      6.9400   -0.537201E+000  -0.151462E+000  -0.688663E+000
      6.9500   -0.537199E+000  -0.151476E+000  -0.688674E+000
      6.9600   -0.537197E+000  -0.151489E+000  -0.688685E+000
      6.9700   -0.537194E+000  -0.151502E+000  -0.688697E+000
      6.9800   -0.537192E+000  -0.151516E+000  -0.688708E+000
      6.9900   -0.537189E+000  -0.151530E+000  -0.688719E+000
      7.0000   -0.537187E+000  -0.151544E+000  -0.688730E+000
      7.0100   -0.537184E+000  -0.151558E+000  -0.688741E+000
      7.0200   -0.537181E+000  -0.151572E+000  -0.688752E+000
      7.0300   -0.537177E+000  -0.151586E+000  -0.688763E+000
      7.0400   -0.537174E+000  -0.151600E+000  -0.688774E+000
      7.0500   -0.537171E+000  -0.151615E+000  -0.688785E+000
      7.0600   -0.537167E+000  -0.151629E+000  -0.688796E+000
      7.0700   -0.537163E+000  -0.151644E+000  -0.688807E+000
      7.0800   -0.537159E+000  -0.151659E+000  -0.688818E+000
      7.0900   -0.537155E+000  -0.151673E+000  -0.688829E+000
      7.1000   -0.537151E+000  -0.151688E+000  -0.688840E+000
      7.1100   -0.537147E+000  -0.151703E+000  -0.688850E+000
      7.1200   -0.537143E+000  -0.151719E+000  -0.688861E+000
      7.1300   -0.537138E+000  -0.151734E+000  -0.688872E+000
      7.1400   -0.537133E+000  -0.151749E+000  -0.688882E+000
      7.1500   -0.537129E+000  -0.151764E+000  -0.688893E+000
      7.1600   -0.537124E+000  -0.151780E+000  -0.688904E+000
      7.1700   -0.537119E+000  -0.151795E+000  -0.688914E+000
      7.1800   -0.537114E+000  -0.151811E+000  -0.688925E+000
      7.1900   -0.537109E+000  -0.151827E+000  -0.688935E+000
      7.2000   -0.537103E+000  -0.151843E+000  -0.688946E+000
      7.2100   -0.537098E+000  -0.151858E+000  -0.688956E+000
      7.2200   -0.537093E+000  -0.151874E+000  -0.688967E+000
      7.2300   -0.537087E+000  -0.151890E+000  -0.688977E+000
      7.2400   -0.537081E+000  -0.151906E+000  -0.688988E+000
      7.2500   -0.537076E+000  -0.151923E+000  -0.688998E+000
      7.2600   -0.537070E+000  -0.151939E+000  -0.689008E+000
      7.2700   -0.537064E+000  -0.151955E+000  -0.689019E+000
      7.2800   -0.537058E+000  -0.151971E+000  -0.689029E+000
      7.2900   -0.537052E+000  -0.151988E+000  -0.689039E+000
      7.3000   -0.537046E+000  -0.152004E+000  -0.689050E+000
      7.3100   -0.537039E+000  -0.152021E+000  -0.689060E+000
      7.3200   -0.537033E+000  -0.152037E+000  -0.689070E+000
      7.3300   -0.537027E+000  -0.152054E+000  -0.689080E+000
      7.3400   -0.537020E+000  -0.152070E+000  -0.689090E+000
      7.3500   -0.537014E+000  -0.152087E+000  -0.689101E+000
      7.3600   -0.537007E+000  -0.152104E+000  -0.689111E+000
      7.3700   -0.537001E+000  -0.152120E+000  -0.689121E+000
      7.3800   -0.536994E+000  -0.152137E+000  -0.689131E+000
      7.3900   -0.536987E+000  -0.152154E+000  -0.689141E+000
      7.4000   -0.536980E+000  -0.152171E+000  -0.689151E+000
      7.4100   -0.536973E+000  -0.152188E+000  -0.689161E+000
      7.4200   -0.536966E+000  -0.152205E+000  -0.689171E+000
      7.4300   -0.536960E+000  -0.152222E+000  -0.689181E+000
      7.4400   -0.536953E+000  -0.152238E+000  -0.689191E+000
      7.4500   -0.536945E+000  -0.152255E+000  -0.689201E+000
      7.4600   -0.536938E+000  -0.152273E+000  -0.689211E+000
      7.4700   -0.536931E+000  -0.152290E+000  -0.689221E+000
      7.4800   -0.536924E+000  -0.152307E+000  -0.689231E+000
      7.4900   -0.536917E+000  -0.152324E+000  -0.689241E+000
      7.5000   -0.536910E+000  -0.152341E+000  -0.689250E+000
      7.5100   -0.536902E+000  -0.152358E+000  -0.689260E+000
      7.5200   -0.536895E+000  -0.152375E+000  -0.689270E+000
      7.5300   -0.536888E+000  -0.152392E+000  -0.689280E+000
      7.5400   -0.536881E+000  -0.152409E+000  -0.689290E+000
      7.5500   -0.536873E+000  -0.152426E+000  -0.689300E+000
      7.5600   -0.536866E+000  -0.152444E+000  -0.689309E+000
      7.5700   -0.536858E+000  -0.152461E+000  -0.689319E+000
      7.5800   -0.536851E+000  -0.152478E+000  -0.689329E+000
      7.5900   -0.536844E+000  -0.152495E+000  -0.689339E+000
      7.6000   -0.536836E+000  -0.152512E+000  -0.689348E+000
      7.6100   -0.536829E+000  -0.152529E+000  -0.689358E+000
      7.6200   -0.536821E+000  -0.152547E+000  -0.689368E+000
      7.6300   -0.536814E+000  -0.152564E+000  -0.689377E+000
      7.6400   -0.536806E+000  -0.152581E+000  -0.689387E+000
      7.6500   -0.536799E+000  -0.152598E+000  -0.689397E+000
      7.6600   -0.536791E+000  -0.152615E+000  -0.689406E+000
      7.6700   -0.536784E+000  -0.152632E+000  -0.689416E+000
      7.6800   -0.536776E+000  -0.152649E+000  -0.689426E+000
      7.6900   -0.536769E+000  -0.152666E+000  -0.689435E+000
      7.7000   -0.536761E+000  -0.152683E+000  -0.689445E+000
      7.7100   -0.536754E+000  -0.152700E+000  -0.689454E+000
      7.7200   -0.536747E+000  -0.152717E+000  -0.689464E+000
      7.7300   -0.536739E+000  -0.152734E+000  -0.689473E+000
      7.7400   -0.536732E+000  -0.152751E+000  -0.689483E+000
      7.7500   -0.536724E+000  -0.152768E+000  -0.689492E+000
      7.7600   -0.536717E+000  -0.152785E+000  -0.689502E+000
      7.7700   -0.536710E+000  -0.152802E+000  -0.689511E+000
      7.7800   -0.536702E+000  -0.152819E+000  -0.689521E+000
      7.7900   -0.536695E+000  -0.152836E+000  -0.689530E+000
      7.8000   -0.536688E+000  -0.152852E+000  -0.689540E+000
      7.8100   -0.536680E+000  -0.152869E+000  -0.689549E+000
      7.8200   -0.536673E+000  -0.152886E+000  -0.689559E+000
      7.8300   -0.536666E+000  -0.152902E+000  -0.689568E+000
      7.8400   -0.536659E+000  -0.152919E+000  -0.689578E+000
      7.8500   -0.536651E+000  -0.152936E+000  -0.689587E+000
      7.8600   -0.536644E+000  -0.152952E+000  -0.689596E+000
      7.8700   -0.536637E+000  -0.152969E+000  -0.689606E+000
      7.8800   -0.536630E+000  -0.152985E+000  -0.689615E+000
      7.8900   -0.536623E+000  -0.153001E+000  -0.689625E+000
      7.9000   -0.536616E+000  -0.153018E+000  -0.689634E+000
      7.9100   -0.536609E+000  -0.153034E+000  -0.689643E+000
      7.9200   -0.536602E+000  -0.153050E+000  -0.689653E+000
      7.9300   -0.536595E+000  -0.153067E+000  -0.689662E+000
      7.9400   -0.536589E+000  -0.153083E+000  -0.689671E+000
      7.9500   -0.536582E+000  -0.153099E+000  -0.689681E+000
      7.9600   -0.536575E+000  -0.153115E+000  -0.689690E+000
      7.9700   -0.536568E+000  -0.153131E+000  -0.689699E+000
      7.9800   -0.536562E+000  -0.153147E+000  -0.689709E+000
      7.9900   -0.536555E+000  -0.153163E+000  -0.689718E+000
      8.0000   -0.536549E+000  -0.153178E+000  -0.689727E+000
      8.0100   -0.536542E+000  -0.153194E+000  -0.689736E+000
      8.0200   -0.536536E+000  -0.153210E+000  -0.689746E+000
      8.0300   -0.536529E+000  -0.153225E+000  -0.689755E+000
      8.0400   -0.536523E+000  -0.153241E+000  -0.689764E+000
      8.0500   -0.536517E+000  -0.153257E+000  -0.689773E+000
      8.0600   -0.536511E+000  -0.153272E+000  -0.689783E+000
      8.0700   -0.536505E+000  -0.153287E+000  -0.689792E+000
      8.0800   -0.536499E+000  -0.153303E+000  -0.689801E+000
      8.0900   -0.536493E+000  -0.153318E+000  -0.689810E+000
      8.1000   -0.536487E+000  -0.153333E+000  -0.689819E+000
      8.1100   -0.536481E+000  -0.153348E+000  -0.689829E+000
      8.1200   -0.536475E+000  -0.153363E+000  -0.689838E+000
      8.1300   -0.536469E+000  -0.153378E+000  -0.689847E+000
      8.1400   -0.536463E+000  -0.153393E+000  -0.689856E+000
      8.1500   -0.536458E+000  -0.153407E+000  -0.689865E+000
      8.1600   -0.536452E+000  -0.153422E+000  -0.689874E+000
      8.1700   -0.536447E+000  -0.153437E+000  -0.689884E+000
      8.1800   -0.536442E+000  -0.153451E+000  -0.689893E+000
      8.1900   -0.536436E+000  -0.153466E+000  -0.689902E+000
      8.2000   -0.536431E+000  -0.153480E+000  -0.689911E+000
      8.2100   -0.536426E+000  -0.153494E+000  -0.689920E+000
      8.2200   -0.536421E+000  -0.153509E+000  -0.689929E+000
      8.2300   -0.536416E+000  -0.153523E+000  -0.689938E+000
      8.2400   -0.536411E+000  -0.153537E+000  -0.689947E+000
      8.2500   -0.536406E+000  -0.153551E+000  -0.689957E+000
      8.2600   -0.536401E+000  -0.153564E+000  -0.689966E+000
      8.2700   -0.536396E+000  -0.153578E+000  -0.689975E+000
      8.2800   -0.536392E+000  -0.153592E+000  -0.689984E+000
      8.2900   -0.536387E+000  -0.153606E+000  -0.689993E+000
      8.3000   -0.536383E+000  -0.153619E+000  -0.690002E+000
      8.3100   -0.536378E+000  -0.153632E+000  -0.690011E+000
      8.3200   -0.536374E+000  -0.153646E+000  -0.690020E+000
      8.3300   -0.536370E+000  -0.153659E+000  -0.690029E+000
      8.3400   -0.536366E+000  -0.153672E+000  -0.690038E+000
      8.3500   -0.536362E+000  -0.153685E+000  -0.690047E+000
      8.3600   -0.536358E+000  -0.153698E+000  -0.690056E+000
      8.3700   -0.536354E+000  -0.153711E+000  -0.690065E+000
      8.3800   -0.536350E+000  -0.153724E+000  -0.690074E+000
      8.3900   -0.536346E+000  -0.153736E+000  -0.690083E+000
      8.4000   -0.536343E+000  -0.153749E+000  -0.690092E+000
      8.4100   -0.536339E+000  -0.153761E+000  -0.690101E+000
      8.4200   -0.536336E+000  -0.153774E+000  -0.690110E+000
      8.4300   -0.536333E+000  -0.153786E+000  -0.690119E+000
      8.4400   -0.536329E+000  -0.153798E+000  -0.690128E+000
      8.4500   -0.536326E+000  -0.153810E+000  -0.690137E+000
      8.4600   -0.536323E+000  -0.153822E+000  -0.690145E+000
      8.4700   -0.536320E+000  -0.153834E+000  -0.690154E+000
      8.4800   -0.536317E+000  -0.153846E+000  -0.690163E+000
      8.4900   -0.536315E+000  -0.153858E+000  -0.690172E+000
      8.5000   -0.536312E+000  -0.153869E+000  -0.690181E+000
      8.5100   -0.536309E+000  -0.153881E+000  -0.690190E+000
      8.5200   -0.536307E+000  -0.153892E+000  -0.690199E+000
      8.5300   -0.536304E+000  -0.153903E+000  -0.690208E+000
      8.5400   -0.536302E+000  -0.153914E+000  -0.690216E+000
      8.5500   -0.536300E+000  -0.153925E+000  -0.690225E+000
      8.5600   -0.536298E+000  -0.153936E+000  -0.690234E+000
      8.5700   -0.536296E+000  -0.153947E+000  -0.690243E+000
      8.5800   -0.536294E+000  -0.153958E+000  -0.690252E+000
      8.5900   -0.536292E+000  -0.153969E+000  -0.690261E+000
      8.6000   -0.536290E+000  -0.153979E+000  -0.690269E+000
      8.6100   -0.536289E+000  -0.153989E+000  -0.690278E+000
      8.6200   -0.536287E+000  -0.154000E+000  -0.690287E+000
      8.6300   -0.536286E+000  -0.154010E+000  -0.690296E+000
      8.6400   -0.536284E+000  -0.154020E+000  -0.690304E+000
      8.6500   -0.536283E+000  -0.154030E+000  -0.690313E+000
      8.6600   -0.536282E+000  -0.154040E+000  -0.690322E+000
      8.6700   -0.536281E+000  -0.154050E+000  -0.690331E+000
      8.6800   -0.536280E+000  -0.154059E+000  -0.690339E+000
      8.6900   -0.536279E+000  -0.154069E+000  -0.690348E+000
      8.7000   -0.536278E+000  -0.154078E+000  -0.690357E+000
      8.7100   -0.536278E+000  -0.154088E+000  -0.690366E+000
      8.7200   -0.536277E+000  -0.154097E+000  -0.690374E+000
      8.7300   -0.536277E+000  -0.154106E+000  -0.690383E+000
      8.7400   -0.536277E+000  -0.154115E+000  -0.690392E+000
      8.7500   -0.536276E+000  -0.154124E+000  -0.690400E+000
      8.7600   -0.536276E+000  -0.154133E+000  -0.690409E+000
      8.7700   -0.536276E+000  -0.154141E+000  -0.690417E+000
      8.7800   -0.536276E+000  -0.154150E+000  -0.690426E+000
      8.7900   -0.536276E+000  -0.154158E+000  -0.690435E+000
      8.8000   -0.536277E+000  -0.154167E+000  -0.690443E+000
      8.8100   -0.536277E+000  -0.154175E+000  -0.690452E+000
      8.8200   -0.536277E+000  -0.154183E+000  -0.690460E+000
      8.8300   -0.536278E+000  -0.154191E+000  -0.690469E+000
      8.8400   -0.536279E+000  -0.154199E+000  -0.690478E+000
      8.8500   -0.536279E+000  -0.154207E+000  -0.690486E+000
      8.8600   -0.536280E+000  -0.154214E+000  -0.690495E+000
      8.8700   -0.536281E+000  -0.154222E+000  -0.690503E+000
      8.8800   -0.536282E+000  -0.154229E+000  -0.690512E+000
      8.8900   -0.536283E+000  -0.154237E+000  -0.690520E+000
      8.9000   -0.536285E+000  -0.154244E+000  -0.690529E+000
      8.9100   -0.536286E+000  -0.154251E+000  -0.690537E+000
      8.9200   -0.536287E+000  -0.154258E+000  -0.690546E+000
      8.9300   -0.536289E+000  -0.154265E+000  -0.690554E+000
      8.9400   -0.536291E+000  -0.154272E+000  -0.690562E+000
      8.9500   -0.536292E+000  -0.154279E+000  -0.690571E+000
      8.9600   -0.536294E+000  -0.154285E+000  -0.690579E+000
      8.9700   -0.536296E+000  -0.154292E+000  -0.690588E+000
      8.9800   -0.536298E+000  -0.154298E+000  -0.690596E+000
      8.9900   -0.536300E+000  -0.154304E+000  -0.690604E+000
      9.0000   -0.536302E+000  -0.154310E+000  -0.690613E+000
      9.0100   -0.536305E+000  -0.154316E+000  -0.690621E+000
      9.0200   -0.536307E+000  -0.154322E+000  -0.690629E+000
      9.0300   -0.536310E+000  -0.154328E+000  -0.690638E+000
      9.0400   -0.536312E+000  -0.154334E+000  -0.690646E+000
      9.0500   -0.536315E+000  -0.154339E+000  -0.690654E+000
      9.0600   -0.536318E+000  -0.154345E+000  -0.690663E+000
      9.0700   -0.536321E+000  -0.154350E+000  -0.690671E+000
      9.0800   -0.536324E+000  -0.154355E+000  -0.690679E+000
      9.0900   -0.536327E+000  -0.154361E+000  -0.690687E+000
      9.1000   -0.536330E+000  -0.154366E+000  -0.690696E+000
      9.1100   -0.536333E+000  -0.154370E+000  -0.690704E+000
      9.1200   -0.536337E+000  -0.154375E+000  -0.690712E+000
      9.1300   -0.536340E+000  -0.154380E+000  -0.690720E+000
      9.1400   -0.536344E+000  -0.154385E+000  -0.690728E+000
      9.1500   -0.536347E+000  -0.154389E+000  -0.690736E+000
      9.1600   -0.536351E+000  -0.154394E+000  -0.690745E+000
      9.1700   -0.536355E+000  -0.154398E+000  -0.690753E+000
      9.1800   -0.536359E+000  -0.154402E+000  -0.690761E+000
      9.1900   -0.536363E+000  -0.154406E+000  -0.690769E+000
      9.2000   -0.536367E+000  -0.154410E+000  -0.690777E+000
      9.2100   -0.536371E+000  -0.154414E+000  -0.690785E+000
      9.2200   -0.536375E+000  -0.154418E+000  -0.690793E+000
      9.2300   -0.536380E+000  -0.154421E+000  -0.690801E+000
      9.2400   -0.536384E+000  -0.154425E+000  -0.690809E+000
      9.2500   -0.536389E+000  -0.154428E+000  -0.690817E+000
      9.2600   -0.536393E+000  -0.154432E+000  -0.690825E+000
      9.2700   -0.536398E+000  -0.154435E+000  -0.690833E+000
      9.2800   -0.536403E+000  -0.154438E+000  -0.690841E+000
      9.2900   -0.536408E+000  -0.154441E+000  -0.690849E+000
      9.3000   -0.536413E+000  -0.154444E+000  -0.690857E+000
      9.3100   -0.536418E+000  -0.154447E+000  -0.690865E+000
      9.3200   -0.536423E+000  -0.154450E+000  -0.690873E+000
      9.3300   -0.536428E+000  -0.154452E+000  -0.690880E+000
      9.3400   -0.536434E+000  -0.154455E+000  -0.690888E+000
      9.3500   -0.536439E+000  -0.154457E+000  -0.690896E+000
      9.3600   -0.536444E+000  -0.154460E+000  -0.690904E+000
      9.3700   -0.536450E+000  -0.154462E+000  -0.690912E+000
      9.3800   -0.536456E+000  -0.154464E+000  -0.690920E+000
      9.3900   -0.536461E+000  -0.154466E+000  -0.690927E+000
      9.4000   -0.536467E+000  -0.154468E+000  -0.690935E+000
      9.4100   -0.536473E+000  -0.154470E+000  -0.690943E+000
      9.4200   -0.536479E+000  -0.154472E+000  -0.690950E+000
      9.4300   -0.536485E+000  -0.154473E+000  -0.690958E+000
      9.4400   -0.536491E+000  -0.154475E+000  -0.690966E+000
      9.4500   -0.536497E+000  -0.154476E+000  -0.690973E+000
      9.4600   -0.536503E+000  -0.154478E+000  -0.690981E+000
      9.4700   -0.536510E+000  -0.154479E+000  -0.690989E+000
      9.4800   -0.536516E+000  -0.154480E+000  -0.690996E+000
      9.4900   -0.536523E+000  -0.154481E+000  -0.691004E+000
      9.5000   -0.536529E+000  -0.154482E+000  -0.691011E+000
      9.5100   -0.536536E+000  -0.154483E+000  -0.691019E+000
      9.5200   -0.536543E+000  -0.154484E+000  -0.691027E+000
      9.5300   -0.536549E+000  -0.154485E+000  -0.691034E+000
      9.5400   -0.536556E+000  -0.154485E+000  -0.691042E+000
      9.5500   -0.536563E+000  -0.154486E+000  -0.691049E+000
      9.5600   -0.536570E+000  -0.154486E+000  -0.691056E+000
      9.5700   -0.536577E+000  -0.154487E+000  -0.691064E+000
      9.5800   -0.536584E+000  -0.154487E+000  -0.691071E+000
      9.5900   -0.536591E+000  -0.154487E+000  -0.691079E+000
      9.6000   -0.536599E+000  -0.154487E+000  -0.691086E+000
      9.6100   -0.536606E+000  -0.154487E+000  -0.691093E+000
      9.6200   -0.536613E+000  -0.154487E+000  -0.691101E+000
      9.6300   -0.536621E+000  -0.154487E+000  -0.691108E+000
      9.6400   -0.536628E+000  -0.154487E+000  -0.691115E+000
      9.6500   -0.536636E+000  -0.154487E+000  -0.691123E+000
      9.6600   -0.536643E+000  -0.154486E+000  -0.691130E+000
      9.6700   -0.536651E+000  -0.154486E+000  -0.691137E+000
      9.6800   -0.536659E+000  -0.154485E+000  -0.691144E+000
      9.6900   -0.536667E+000  -0.154485E+000  -0.691151E+000
      9.7000   -0.536674E+000  -0.154484E+000  -0.691159E+000
      9.7100   -0.536682E+000  -0.154483E+000  -0.691166E+000
      9.7200   -0.536690E+000  -0.154482E+000  -0.691173E+000
      9.7300   -0.536698E+000  -0.154481E+000  -0.691180E+000
      9.7400   -0.536706E+000  -0.154480E+000  -0.691187E+000
      9.7500   -0.536715E+000  -0.154479E+000  -0.691194E+000
      9.7600   -0.536723E+000  -0.154478E+000  -0.691201E+000
      9.7700   -0.536731E+000  -0.154477E+000  -0.691208E+000
      9.7800   -0.536739E+000  -0.154476E+000  -0.691215E+000
      9.7900   -0.536748E+000  -0.154474E+000  -0.691222E+000
      9.8000   -0.536756E+000  -0.154473E+000  -0.691229E+000
      9.8100   -0.536765E+000  -0.154471E+000  -0.691236E+000
      9.8200   -0.536773E+000  -0.154470E+000  -0.691243E+000
      9.8300   -0.536782E+000  -0.154468E+000  -0.691250E+000
      9.8400   -0.536790E+000  -0.154466E+000  -0.691257E+000
      9.8500   -0.536799E+000  -0.154464E+000  -0.691263E+000
      9.8600   -0.536808E+000  -0.154462E+000  -0.691270E+000
      9.8700   -0.536816E+000  -0.154461E+000  -0.691277E+000
      9.8800   -0.536825E+000  -0.154459E+000  -0.691284E+000
      9.8900   -0.536834E+000  -0.154456E+000  -0.691290E+000
      9.9000   -0.536843E+000  -0.154454E+000  -0.691297E+000
      9.9100   -0.536852E+000  -0.154452E+000  -0.691304E+000
      9.9200   -0.536861E+000  -0.154450E+000  -0.691311E+000
      9.9300   -0.536870E+000  -0.154447E+000  -0.691317E+000
      9.9400   -0.536879E+000  -0.154445E+000  -0.691324E+000
      9.9500   -0.536888E+000  -0.154443E+000  -0.691330E+000
      9.9600   -0.536897E+000  -0.154440E+000  -0.691337E+000
      9.9700   -0.536906E+000  -0.154437E+000  -0.691344E+000
      9.9800   -0.536915E+000  -0.154435E+000  -0.691350E+000
      9.9900   -0.536925E+000  -0.154432E+000  -0.691357E+000
     10.0000   -0.536934E+000  -0.154429E+000  -0.691363E+000
