      0.0000    0.000000E+000   0.000000E+000   0.500000E+000   0.500000E+000   0.100000E+001
      0.0100    0.100000E-001  -0.100000E-001   0.499998E+000   0.500000E+000   0.999998E+000
      0.0200    0.100000E-001  -0.100000E-001   0.499996E+000   0.500000E+000   0.999996E+000
      0.0300    0.100000E-001  -0.100000E-001   0.499994E+000   0.500000E+000   0.999994E+000
      0.0400    0.100000E-001  -0.100000E-001   0.499992E+000   0.500000E+000   0.999992E+000
      0.0500    0.100000E-001  -0.100000E-001   0.499990E+000   0.500000E+000   0.999990E+000
      0.0600    0.100000E-001  -0.100000E-001   0.499989E+000   0.500000E+000   0.999989E+000
      0.0700    0.100000E-001  -0.100000E-001   0.499987E+000   0.500000E+000   0.999987E+000
      0.0800    0.100000E-001  -0.100000E-001   0.499985E+000   0.500000E+000   0.999985E+000
      0.0900    0.100000E-001  -0.100000E-001   0.499983E+000   0.500000E+000   0.999983E+000
      0.1000    0.100000E-001  -0.100000E-001   0.499981E+000   0.500000E+000   0.999981E+000
      0.1100    0.100000E-001  -0.100000E-001   0.499980E+000   0.500000E+000   0.999980E+000
      0.1200    0.100000E-001  -0.100000E-001   0.499978E+000   0.500000E+000   0.999978E+000
      0.1300    0.100000E-001  -0.100000E-001   0.499976E+000   0.500000E+000   0.999976E+000
      0.1400    0.100000E-001  -0.100000E-001   0.499975E+000   0.500000E+000   0.999975E+000
      0.1500    0.100000E-001  -0.100000E-001   0.499973E+000   0.500000E+000   0.999973E+000
      0.1600    0.100000E-001  -0.100000E-001   0.499971E+000   0.500000E+000   0.999971E+000
      0.1700    0.100000E-001  -0.100000E-001   0.499970E+000   0.500000E+000   0.999970E+000
      0.1800    0.100000E-001  -0.100000E-001   0.499968E+000   0.500000E+000   0.999968E+000
      0.1900    0.100000E-001  -0.100000E-001   0.499967E+000   0.500000E+000   0.999967E+000
      0.2000    0.100000E-001  -0.100000E-001   0.499966E+000   0.500000E+000   0.999966E+000
      0.2100    0.100000E-001  -0.100000E-001   0.499964E+000   0.500000E+000   0.999964E+000
      0.2200    0.100000E-001  -0.100000E-001   0.499963E+000   0.500000E+000   0.999963E+000
      0.2300    0.100000E-001  -0.100000E-001   0.499961E+000   0.500000E+000   0.999962E+000
      0.2400    0.100000E-001  -0.100000E-001   0.499960E+000   0.500000E+000   0.999960E+000
      0.2500    0.100000E-001  -0.100000E-001   0.499959E+000   0.500000E+000   0.999959E+000
      0.2600    0.100000E-001  -0.100000E-001   0.499958E+000   0.500000E+000   0.999958E+000
      0.2700    0.100000E-001  -0.100000E-001   0.499957E+000   0.500000E+000   0.999957E+000
      0.2800    0.100000E-001  -0.100000E-001   0.499955E+000   0.500000E+000   0.999956E+000
      0.2900    0.100000E-001  -0.100000E-001   0.499954E+000   0.500000E+000   0.999955E+000
      0.3000    0.100000E-001  -0.100000E-001   0.499953E+000   0.500000E+000   0.999953E+000
      0.3100    0.100000E-001  -0.100000E-001   0.499952E+000   0.500000E+000   0.999952E+000
      0.3200    0.100000E-001  -0.100000E-001   0.499951E+000   0.500000E+000   0.999951E+000
      0.3300    0.100000E-001  -0.100000E-001   0.499950E+000   0.500000E+000   0.999950E+000
      0.3400    0.100000E-001  -0.100000E-001   0.499949E+000   0.500000E+000   0.999950E+000
      0.3500    0.100000E-001  -0.100000E-001   0.499948E+000   0.500000E+000   0.999949E+000
      0.3600    0.100000E-001  -0.100000E-001   0.499947E+000   0.500000E+000   0.999948E+000
      0.3700    0.100000E-001  -0.100000E-001   0.499947E+000   0.500000E+000   0.999947E+000
      0.3800    0.100000E-001  -0.100000E-001   0.499946E+000   0.500000E+000   0.999946E+000
      0.3900    0.100000E-001  -0.100000E-001   0.499945E+000   0.500000E+000   0.999945E+000
      0.4000    0.100000E-001  -0.100000E-001   0.499944E+000   0.500000E+000   0.999945E+000
      0.4100    0.100000E-001  -0.100000E-001   0.499943E+000   0.500001E+000   0.999944E+000
      0.4200    0.100000E-001  -0.100000E-001   0.499943E+000   0.500001E+000   0.999943E+000
      0.4300    0.100000E-001  -0.100000E-001   0.499942E+000   0.500001E+000   0.999943E+000
      0.4400    0.100000E-001  -0.100000E-001   0.499941E+000   0.500001E+000   0.999942E+000
      0.4500    0.100000E-001  -0.100000E-001   0.499941E+000   0.500001E+000   0.999941E+000
      0.4600    0.100000E-001  -0.100000E-001   0.499940E+000   0.500001E+000   0.999941E+000
      0.4700    0.100000E-001  -0.100000E-001   0.499940E+000   0.500001E+000   0.999940E+000
      0.4800    0.100000E-001  -0.100000E-001   0.499939E+000   0.500001E+000   0.999940E+000
      0.4900    0.100000E-001  -0.100000E-001   0.499938E+000   0.500001E+000   0.999939E+000
      0.5000    0.100000E-001  -0.100000E-001   0.499938E+000   0.500001E+000   0.999939E+000
      0.5100    0.100000E-001  -0.100000E-001   0.499937E+000   0.500001E+000   0.999938E+000
      0.5200    0.100000E-001  -0.100000E-001   0.499937E+000   0.500001E+000   0.999938E+000
      0.5300    0.100000E-001  -0.100000E-001   0.499937E+000   0.500001E+000   0.999938E+000
      0.5400    0.100000E-001  -0.100000E-001   0.499936E+000   0.500001E+000   0.999937E+000
      0.5500    0.100000E-001  -0.100000E-001   0.499936E+000   0.500001E+000   0.999937E+000
      0.5600    0.100000E-001  -0.100000E-001   0.499935E+000   0.500001E+000   0.999937E+000
      0.5700    0.100000E-001  -0.100000E-001   0.499935E+000   0.500001E+000   0.999936E+000
      0.5800    0.100000E-001  -0.100000E-001   0.499935E+000   0.500001E+000   0.999936E+000
      0.5900    0.100000E-001  -0.100000E-001   0.499934E+000   0.500001E+000   0.999936E+000
      0.6000    0.100000E-001  -0.100000E-001   0.499934E+000   0.500001E+000   0.999936E+000
      0.6100    0.100000E-001  -0.100000E-001   0.499934E+000   0.500002E+000   0.999935E+000
      0.6200    0.100000E-001  -0.100000E-001   0.499933E+000   0.500002E+000   0.999935E+000
      0.6300    0.100000E-001  -0.100000E-001   0.499933E+000   0.500002E+000   0.999935E+000
      0.6400    0.100000E-001  -0.100000E-001   0.499933E+000   0.500002E+000   0.999935E+000
      0.6500    0.100000E-001  -0.100000E-001   0.499933E+000   0.500002E+000   0.999935E+000
      0.6600    0.100000E-001  -0.100000E-001   0.499933E+000   0.500002E+000   0.999935E+000
      0.6700    0.100000E-001  -0.100000E-001   0.499932E+000   0.500002E+000   0.999934E+000
      0.6800    0.100000E-001  -0.100000E-001   0.499932E+000   0.500002E+000   0.999934E+000
      0.6900    0.100000E-001  -0.100000E-001   0.499932E+000   0.500002E+000   0.999934E+000
      0.7000    0.100000E-001  -0.100000E-001   0.499932E+000   0.500002E+000   0.999934E+000
      0.7100    0.100000E-001  -0.100000E-001   0.499932E+000   0.500002E+000   0.999934E+000
      0.7200    0.100000E-001  -0.100000E-001   0.499932E+000   0.500002E+000   0.999934E+000
      0.7300    0.100000E-001  -0.100000E-001   0.499932E+000   0.500003E+000   0.999934E+000
      0.7400    0.100000E-001  -0.100000E-001   0.499932E+000   0.500003E+000   0.999934E+000
      0.7500    0.100000E-001  -0.100000E-001   0.499932E+000   0.500003E+000   0.999934E+000
      0.7600    0.100000E-001  -0.100000E-001   0.499931E+000   0.500003E+000   0.999934E+000
      0.7700    0.100000E-001  -0.100000E-001   0.499931E+000   0.500003E+000   0.999934E+000
      0.7800    0.100000E-001  -0.100000E-001   0.499931E+000   0.500003E+000   0.999934E+000
      0.7900    0.100000E-001  -0.100000E-001   0.499931E+000   0.500003E+000   0.999935E+000
      0.8000    0.100000E-001  -0.100000E-001   0.499931E+000   0.500003E+000   0.999935E+000
      0.8100    0.100000E-001  -0.100000E-001   0.499931E+000   0.500003E+000   0.999935E+000
      0.8200    0.100000E-001  -0.100000E-001   0.499931E+000   0.500003E+000   0.999935E+000
      0.8300    0.100000E-001  -0.100000E-001   0.499932E+000   0.500004E+000   0.999935E+000
      0.8400    0.100000E-001  -0.100000E-001   0.499932E+000   0.500004E+000   0.999935E+000
      0.8500    0.100000E-001  -0.100000E-001   0.499932E+000   0.500004E+000   0.999935E+000
      0.8600    0.100000E-001  -0.100000E-001   0.499932E+000   0.500004E+000   0.999936E+000
      0.8700    0.100000E-001  -0.100000E-001   0.499932E+000   0.500004E+000   0.999936E+000
      0.8800    0.100000E-001  -0.100000E-001   0.499932E+000   0.500004E+000   0.999936E+000
      0.8900    0.100000E-001  -0.100000E-001   0.499932E+000   0.500004E+000   0.999936E+000
      0.9000    0.100000E-001  -0.100000E-001   0.499932E+000   0.500004E+000   0.999936E+000
      0.9100    0.100000E-001  -0.100000E-001   0.499932E+000   0.500004E+000   0.999937E+000
      0.9200    0.100000E-001  -0.100000E-001   0.499932E+000   0.500005E+000   0.999937E+000
      0.9300    0.100000E-001  -0.100000E-001   0.499932E+000   0.500005E+000   0.999937E+000
      0.9400    0.100000E-001  -0.100000E-001   0.499933E+000   0.500005E+000   0.999937E+000
      0.9500    0.100000E-001  -0.100000E-001   0.499933E+000   0.500005E+000   0.999938E+000
      0.9600    0.100000E-001  -0.100000E-001   0.499933E+000   0.500005E+000   0.999938E+000
      0.9700    0.100000E-001  -0.100000E-001   0.499933E+000   0.500005E+000   0.999938E+000
      0.9800    0.100000E-001  -0.100000E-001   0.499933E+000   0.500005E+000   0.999938E+000
      0.9900    0.100000E-001  -0.100000E-001   0.499933E+000   0.500005E+000   0.999939E+000
      1.0000    0.100000E-001   0.990000E+000   0.499934E+000   0.500006E+000   0.999939E+000
      1.0100    0.100000E-001   0.990000E+000   0.499940E+000   0.500012E+000   0.999951E+000
      1.0200    0.100000E-001   0.990000E+000   0.499955E+000   0.500027E+000   0.999981E+000
      1.0300    0.100000E-001   0.990000E+000   0.499978E+000   0.500050E+000   0.100003E+001
      1.0400    0.100000E-001   0.990000E+000   0.500011E+000   0.500083E+000   0.100009E+001
      1.0500    0.100000E-001   0.990000E+000   0.500052E+000   0.500124E+000   0.100018E+001
      1.0600    0.100000E-001   0.990000E+000   0.500102E+000   0.500173E+000   0.100028E+001
      1.0700    0.100000E-001   0.990000E+000   0.500160E+000   0.500231E+000   0.100039E+001
      1.0800    0.100000E-001   0.990000E+000   0.500226E+000   0.500298E+000   0.100052E+001
      1.0900    0.100000E-001   0.990000E+000   0.500301E+000   0.500372E+000   0.100067E+001
      1.1000    0.100000E-001   0.990000E+000   0.500383E+000   0.500455E+000   0.100084E+001
      1.1100    0.100000E-001   0.990000E+000   0.500474E+000   0.500545E+000   0.100102E+001
      1.1200    0.100000E-001   0.990000E+000   0.500572E+000   0.500643E+000   0.100121E+001
      1.1300    0.100000E-001   0.990000E+000   0.500677E+000   0.500748E+000   0.100143E+001
      1.1400    0.100000E-001   0.990000E+000   0.500790E+000   0.500861E+000   0.100165E+001
      1.1500    0.100000E-001   0.990000E+000   0.500910E+000   0.500981E+000   0.100189E+001
      1.1600    0.100000E-001   0.990000E+000   0.501037E+000   0.501108E+000   0.100214E+001
      1.1700    0.100000E-001   0.990000E+000   0.501171E+000   0.501241E+000   0.100241E+001
      1.1800    0.100000E-001   0.990000E+000   0.501311E+000   0.501381E+000   0.100269E+001
      1.1900    0.100000E-001   0.990000E+000   0.501458E+000   0.501528E+000   0.100299E+001
      1.2000    0.100000E-001   0.990000E+000   0.501611E+000   0.501681E+000   0.100329E+001
      1.2100    0.100000E-001   0.990000E+000   0.501770E+000   0.501840E+000   0.100361E+001
      1.2200    0.100000E-001   0.990000E+000   0.501935E+000   0.502004E+000   0.100394E+001
      1.2300    0.100000E-001   0.990000E+000   0.502105E+000   0.502175E+000   0.100428E+001
      1.2400    0.100000E-001   0.990000E+000   0.502281E+000   0.502351E+000   0.100463E+001
      1.2500    0.100000E-001   0.990000E+000   0.502463E+000   0.502532E+000   0.100499E+001
      1.2600    0.100000E-001   0.990000E+000   0.502649E+000   0.502718E+000   0.100537E+001
      1.2700    0.100000E-001   0.990000E+000   0.502840E+000   0.502909E+000   0.100575E+001
      1.2800    0.100000E-001   0.990000E+000   0.503037E+000   0.503105E+000   0.100614E+001
      1.2900    0.100000E-001   0.990000E+000   0.503237E+000   0.503306E+000   0.100654E+001
      1.3000    0.100000E-001   0.990000E+000   0.503442E+000   0.503511E+000   0.100695E+001
      1.3100    0.100000E-001   0.990000E+000   0.503652E+000   0.503720E+000   0.100737E+001
      1.3200    0.100000E-001   0.990000E+000   0.503865E+000   0.503933E+000   0.100780E+001
      1.3300    0.100000E-001   0.990000E+000   0.504082E+000   0.504150E+000   0.100823E+001
      1.3400    0.100000E-001   0.990000E+000   0.504303E+000   0.504371E+000   0.100867E+001
      1.3500    0.100000E-001   0.990000E+000   0.504528E+000   0.504595E+000   0.100912E+001
      1.3600    0.100000E-001   0.990000E+000   0.504756E+000   0.504823E+000   0.100958E+001
      1.3700    0.100000E-001   0.990000E+000   0.504987E+000   0.505054E+000   0.101004E+001
      1.3800    0.100000E-001   0.990000E+000   0.505221E+000   0.505288E+000   0.101051E+001
      1.3900    0.100000E-001   0.990000E+000   0.505458E+000   0.505525E+000   0.101098E+001
      1.4000    0.100000E-001   0.990000E+000   0.505698E+000   0.505765E+000   0.101146E+001
      1.4100    0.100000E-001   0.990000E+000   0.505941E+000   0.506007E+000   0.101195E+001
      1.4200    0.100000E-001   0.990000E+000   0.506186E+000   0.506252E+000   0.101244E+001
      1.4300    0.100000E-001   0.990000E+000   0.506433E+000   0.506500E+000   0.101293E+001
      1.4400    0.100000E-001   0.990000E+000   0.506683E+000   0.506749E+000   0.101343E+001
      1.4500    0.100000E-001   0.990000E+000   0.506935E+000   0.507001E+000   0.101394E+001
      1.4600    0.100000E-001   0.990000E+000   0.507188E+000   0.507254E+000   0.101444E+001
      1.4700    0.100000E-001   0.990000E+000   0.507444E+000   0.507509E+000   0.101495E+001
      1.4800    0.100000E-001   0.990000E+000   0.507701E+000   0.507766E+000   0.101547E+001
      1.4900    0.100000E-001   0.990000E+000   0.507960E+000   0.508025E+000   0.101598E+001
      1.5000    0.100000E-001   0.990000E+000   0.508220E+000   0.508285E+000   0.101651E+001
      1.5100    0.100000E-001   0.990000E+000   0.508482E+000   0.508547E+000   0.101703E+001
      1.5200    0.100000E-001   0.990000E+000   0.508744E+000   0.508809E+000   0.101755E+001
      1.5300    0.100000E-001   0.990000E+000   0.509008E+000   0.509073E+000   0.101808E+001
      1.5400    0.100000E-001   0.990000E+000   0.509273E+000   0.509338E+000   0.101861E+001
      1.5500    0.100000E-001   0.990000E+000   0.509539E+000   0.509604E+000   0.101914E+001
      1.5600    0.100000E-001   0.990000E+000   0.509806E+000   0.509870E+000   0.101968E+001
      1.5700    0.100000E-001   0.990000E+000   0.510074E+000   0.510138E+000   0.102021E+001
      1.5800    0.100000E-001   0.990000E+000   0.510342E+000   0.510406E+000   0.102075E+001
      1.5900    0.100000E-001   0.990000E+000   0.510611E+000   0.510674E+000   0.102129E+001
      1.6000    0.100000E-001   0.990000E+000   0.510880E+000   0.510944E+000   0.102182E+001
      1.6100    0.100000E-001   0.990000E+000   0.511150E+000   0.511213E+000   0.102236E+001
      1.6200    0.100000E-001   0.990000E+000   0.511420E+000   0.511483E+000   0.102290E+001
      1.6300    0.100000E-001   0.990000E+000   0.511690E+000   0.511753E+000   0.102344E+001
      1.6400    0.100000E-001   0.990000E+000   0.511961E+000   0.512023E+000   0.102398E+001
      1.6500    0.100000E-001   0.990000E+000   0.512231E+000   0.512294E+000   0.102452E+001
      1.6600    0.100000E-001   0.990000E+000   0.512502E+000   0.512564E+000   0.102507E+001
      1.6700    0.100000E-001   0.990000E+000   0.512772E+000   0.512835E+000   0.102561E+001
      1.6800    0.100000E-001   0.990000E+000   0.513043E+000   0.513105E+000   0.102615E+001
      1.6900    0.100000E-001   0.990000E+000   0.513313E+000   0.513375E+000   0.102669E+001
      1.7000    0.100000E-001   0.990000E+000   0.513583E+000   0.513645E+000   0.102723E+001
      1.7100    0.100000E-001   0.990000E+000   0.513853E+000   0.513915E+000   0.102777E+001
      1.7200    0.100000E-001   0.990000E+000   0.514123E+000   0.514185E+000   0.102831E+001
      1.7300    0.100000E-001   0.990000E+000   0.514392E+000   0.514454E+000   0.102885E+001
      1.7400    0.100000E-001   0.990000E+000   0.514661E+000   0.514723E+000   0.102938E+001
      1.7500    0.100000E-001   0.990000E+000   0.514930E+000   0.514991E+000   0.102992E+001
      1.7600    0.100000E-001   0.990000E+000   0.515198E+000   0.515259E+000   0.103046E+001
      1.7700    0.100000E-001   0.990000E+000   0.515466E+000   0.515526E+000   0.103099E+001
      1.7800    0.100000E-001   0.990000E+000   0.515733E+000   0.515793E+000   0.103153E+001
      1.7900    0.100000E-001   0.990000E+000   0.515999E+000   0.516060E+000   0.103206E+001
      1.8000    0.100000E-001   0.990000E+000   0.516265E+000   0.516325E+000   0.103259E+001
      1.8100    0.100000E-001   0.990000E+000   0.516530E+000   0.516590E+000   0.103312E+001
      1.8200    0.100000E-001   0.990000E+000   0.516795E+000   0.516855E+000   0.103365E+001
      1.8300    0.100000E-001   0.990000E+000   0.517059E+000   0.517119E+000   0.103418E+001
      1.8400    0.100000E-001   0.990000E+000   0.517322E+000   0.517382E+000   0.103470E+001
      1.8500    0.100000E-001   0.990000E+000   0.517584E+000   0.517644E+000   0.103523E+001
      1.8600    0.100000E-001   0.990000E+000   0.517846E+000   0.517906E+000   0.103575E+001
      1.8700    0.100000E-001   0.990000E+000   0.518107E+000   0.518167E+000   0.103627E+001
      1.8800    0.100000E-001   0.990000E+000   0.518367E+000   0.518427E+000   0.103679E+001
      1.8900    0.100000E-001   0.990000E+000   0.518627E+000   0.518686E+000   0.103731E+001
      1.9000    0.100000E-001   0.990000E+000   0.518886E+000   0.518945E+000   0.103783E+001
      1.9100    0.100000E-001   0.990000E+000   0.519143E+000   0.519202E+000   0.103835E+001
      1.9200    0.100000E-001   0.990000E+000   0.519400E+000   0.519459E+000   0.103886E+001
      1.9300    0.100000E-001   0.990000E+000   0.519657E+000   0.519715E+000   0.103937E+001
      1.9400    0.100000E-001   0.990000E+000   0.519912E+000   0.519971E+000   0.103988E+001
      1.9500    0.100000E-001   0.990000E+000   0.520167E+000   0.520225E+000   0.104039E+001
      1.9600    0.100000E-001   0.990000E+000   0.520420E+000   0.520479E+000   0.104090E+001
      1.9700    0.100000E-001   0.990000E+000   0.520673E+000   0.520731E+000   0.104140E+001
      1.9800    0.100000E-001   0.990000E+000   0.520925E+000   0.520983E+000   0.104191E+001
      1.9900    0.100000E-001   0.990000E+000   0.521176E+000   0.521234E+000   0.104241E+001
      2.0000    0.100000E-001  -0.100000E-001   0.521427E+000   0.521485E+000   0.104291E+001
      2.0100    0.100000E-001  -0.100000E-001   0.521672E+000   0.521729E+000   0.104340E+001
      2.0200    0.100000E-001  -0.100000E-001   0.521908E+000   0.521966E+000   0.104387E+001
      2.0300    0.100000E-001  -0.100000E-001   0.522137E+000   0.522194E+000   0.104433E+001
      2.0400    0.100000E-001  -0.100000E-001   0.522357E+000   0.522415E+000   0.104477E+001
      2.0500    0.100000E-001  -0.100000E-001   0.522570E+000   0.522627E+000   0.104520E+001
      2.0600    0.100000E-001  -0.100000E-001   0.522774E+000   0.522831E+000   0.104561E+001
      2.0700    0.100000E-001  -0.100000E-001   0.522970E+000   0.523027E+000   0.104600E+001
      2.0800    0.100000E-001  -0.100000E-001   0.523159E+000   0.523216E+000   0.104637E+001
      2.0900    0.100000E-001  -0.100000E-001   0.523339E+000   0.523396E+000   0.104674E+001
      2.1000    0.100000E-001  -0.100000E-001   0.523512E+000   0.523568E+000   0.104708E+001
      2.1100    0.100000E-001  -0.100000E-001   0.523677E+000   0.523733E+000   0.104741E+001
      2.1200    0.100000E-001  -0.100000E-001   0.523834E+000   0.523890E+000   0.104772E+001
      2.1300    0.100000E-001  -0.100000E-001   0.523983E+000   0.524040E+000   0.104802E+001
      2.1400    0.100000E-001  -0.100000E-001   0.524125E+000   0.524181E+000   0.104831E+001
      2.1500    0.100000E-001  -0.100000E-001   0.524260E+000   0.524316E+000   0.104858E+001
      2.1600    0.100000E-001  -0.100000E-001   0.524387E+000   0.524443E+000   0.104883E+001
      2.1700    0.100000E-001  -0.100000E-001   0.524507E+000   0.524563E+000   0.104907E+001
      2.1800    0.100000E-001  -0.100000E-001   0.524620E+000   0.524676E+000   0.104930E+001
      2.1900    0.100000E-001  -0.100000E-001   0.524726E+000   0.524782E+000   0.104951E+001
      2.2000    0.100000E-001  -0.100000E-001   0.524825E+000   0.524881E+000   0.104971E+001
      2.2100    0.100000E-001  -0.100000E-001   0.524917E+000   0.524973E+000   0.104989E+001
      2.2200    0.100000E-001  -0.100000E-001   0.525003E+000   0.525058E+000   0.105006E+001
      2.2300    0.100000E-001  -0.100000E-001   0.525082E+000   0.525137E+000   0.105022E+001
      2.2400    0.100000E-001  -0.100000E-001   0.525154E+000   0.525209E+000   0.105036E+001
      2.2500    0.100000E-001  -0.100000E-001   0.525220E+000   0.525275E+000   0.105050E+001
      2.2600    0.100000E-001  -0.100000E-001   0.525280E+000   0.525335E+000   0.105062E+001
      2.2700    0.100000E-001  -0.100000E-001   0.525334E+000   0.525389E+000   0.105072E+001
      2.2800    0.100000E-001  -0.100000E-001   0.525382E+000   0.525437E+000   0.105082E+001
      2.2900    0.100000E-001  -0.100000E-001   0.525424E+000   0.525478E+000   0.105090E+001
      2.3000    0.100000E-001  -0.100000E-001   0.525460E+000   0.525514E+000   0.105097E+001
      2.3100    0.100000E-001  -0.100000E-001   0.525490E+000   0.525545E+000   0.105103E+001
      2.3200    0.100000E-001  -0.100000E-001   0.525515E+000   0.525569E+000   0.105108E+001
      2.3300    0.100000E-001  -0.100000E-001   0.525534E+000   0.525589E+000   0.105112E+001
      2.3400    0.100000E-001  -0.100000E-001   0.525548E+000   0.525603E+000   0.105115E+001
      2.3500    0.100000E-001  -0.100000E-001   0.525557E+000   0.525611E+000   0.105117E+001
      2.3600    0.100000E-001  -0.100000E-001   0.525561E+000   0.525615E+000   0.105118E+001
      2.3700    0.100000E-001  -0.100000E-001   0.525559E+000   0.525613E+000   0.105117E+001
      2.3800    0.100000E-001  -0.100000E-001   0.525553E+000   0.525607E+000   0.105116E+001
      2.3900    0.100000E-001  -0.100000E-001   0.525542E+000   0.525596E+000   0.105114E+001
      2.4000    0.100000E-001  -0.100000E-001   0.525526E+000   0.525580E+000   0.105111E+001
      2.4100    0.100000E-001  -0.100000E-001   0.525505E+000   0.525559E+000   0.105106E+001
      2.4200    0.100000E-001  -0.100000E-001   0.525480E+000   0.525534E+000   0.105101E+001
      2.4300    0.100000E-001  -0.100000E-001   0.525451E+000   0.525504E+000   0.105095E+001
      2.4400    0.100000E-001  -0.100000E-001   0.525417E+000   0.525470E+000   0.105089E+001
      2.4500    0.100000E-001  -0.100000E-001   0.525379E+000   0.525432E+000   0.105081E+001
      2.4600    0.100000E-001  -0.100000E-001   0.525336E+000   0.525390E+000   0.105073E+001
      2.4700    0.100000E-001  -0.100000E-001   0.525290E+000   0.525344E+000   0.105063E+001
      2.4800    0.100000E-001  -0.100000E-001   0.525240E+000   0.525293E+000   0.105053E+001
      2.4900    0.100000E-001  -0.100000E-001   0.525186E+000   0.525239E+000   0.105042E+001
      2.5000    0.100000E-001  -0.100000E-001   0.525128E+000   0.525181E+000   0.105031E+001
      2.5100    0.100000E-001  -0.100000E-001   0.525066E+000   0.525120E+000   0.105019E+001
      2.5200    0.100000E-001  -0.100000E-001   0.525001E+000   0.525054E+000   0.105006E+001
      2.5300    0.100000E-001  -0.100000E-001   0.524933E+000   0.524986E+000   0.104992E+001
      2.5400    0.100000E-001  -0.100000E-001   0.524860E+000   0.524913E+000   0.104977E+001
      2.5500    0.100000E-001  -0.100000E-001   0.524785E+000   0.524838E+000   0.104962E+001
      2.5600    0.100000E-001  -0.100000E-001   0.524706E+000   0.524759E+000   0.104947E+001
      2.5700    0.100000E-001  -0.100000E-001   0.524624E+000   0.524677E+000   0.104930E+001
      2.5800    0.100000E-001  -0.100000E-001   0.524539E+000   0.524592E+000   0.104913E+001
      2.5900    0.100000E-001  -0.100000E-001   0.524451E+000   0.524504E+000   0.104896E+001
      2.6000    0.100000E-001  -0.100000E-001   0.524360E+000   0.524413E+000   0.104877E+001
      2.6100    0.100000E-001  -0.100000E-001   0.524266E+000   0.524319E+000   0.104859E+001
      2.6200    0.100000E-001  -0.100000E-001   0.524170E+000   0.524222E+000   0.104839E+001
      2.6300    0.100000E-001  -0.100000E-001   0.524070E+000   0.524123E+000   0.104819E+001
      2.6400    0.100000E-001  -0.100000E-001   0.523968E+000   0.524021E+000   0.104799E+001
      2.6500    0.100000E-001  -0.100000E-001   0.523864E+000   0.523916E+000   0.104778E+001
      2.6600    0.100000E-001  -0.100000E-001   0.523756E+000   0.523809E+000   0.104756E+001
      2.6700    0.100000E-001  -0.100000E-001   0.523647E+000   0.523699E+000   0.104735E+001
      2.6800    0.100000E-001  -0.100000E-001   0.523535E+000   0.523587E+000   0.104712E+001
      2.6900    0.100000E-001  -0.100000E-001   0.523420E+000   0.523472E+000   0.104689E+001
      2.7000    0.100000E-001  -0.100000E-001   0.523304E+000   0.523356E+000   0.104666E+001
      2.7100    0.100000E-001  -0.100000E-001   0.523185E+000   0.523237E+000   0.104642E+001
      2.7200    0.100000E-001  -0.100000E-001   0.523064E+000   0.523116E+000   0.104618E+001
      2.7300    0.100000E-001  -0.100000E-001   0.522941E+000   0.522993E+000   0.104593E+001
      2.7400    0.100000E-001  -0.100000E-001   0.522816E+000   0.522867E+000   0.104568E+001
      2.7500    0.100000E-001  -0.100000E-001   0.522689E+000   0.522740E+000   0.104543E+001
      2.7600    0.100000E-001  -0.100000E-001   0.522560E+000   0.522611E+000   0.104517E+001
      2.7700    0.100000E-001  -0.100000E-001   0.522429E+000   0.522481E+000   0.104491E+001
      2.7800    0.100000E-001  -0.100000E-001   0.522296E+000   0.522348E+000   0.104464E+001
      2.7900    0.100000E-001  -0.100000E-001   0.522162E+000   0.522214E+000   0.104438E+001
      2.8000    0.100000E-001  -0.100000E-001   0.522026E+000   0.522078E+000   0.104410E+001
      2.8100    0.100000E-001  -0.100000E-001   0.521888E+000   0.521940E+000   0.104383E+001
      2.8200    0.100000E-001  -0.100000E-001   0.521749E+000   0.521801E+000   0.104355E+001
      2.8300    0.100000E-001  -0.100000E-001   0.521608E+000   0.521660E+000   0.104327E+001
      2.8400    0.100000E-001  -0.100000E-001   0.521466E+000   0.521518E+000   0.104298E+001
      2.8500    0.100000E-001  -0.100000E-001   0.521323E+000   0.521374E+000   0.104270E+001
      2.8600    0.100000E-001  -0.100000E-001   0.521178E+000   0.521229E+000   0.104241E+001
      2.8700    0.100000E-001  -0.100000E-001   0.521031E+000   0.521083E+000   0.104211E+001
      2.8800    0.100000E-001  -0.100000E-001   0.520884E+000   0.520935E+000   0.104182E+001
      2.8900    0.100000E-001  -0.100000E-001   0.520735E+000   0.520786E+000   0.104152E+001
      2.9000    0.100000E-001  -0.100000E-001   0.520585E+000   0.520636E+000   0.104122E+001
      2.9100    0.100000E-001  -0.100000E-001   0.520434E+000   0.520485E+000   0.104092E+001
      2.9200    0.100000E-001  -0.100000E-001   0.520281E+000   0.520333E+000   0.104061E+001
      2.9300    0.100000E-001  -0.100000E-001   0.520128E+000   0.520179E+000   0.104031E+001
      2.9400    0.100000E-001  -0.100000E-001   0.519974E+000   0.520025E+000   0.104000E+001
      2.9500    0.100000E-001  -0.100000E-001   0.519818E+000   0.519869E+000   0.103969E+001
      2.9600    0.100000E-001  -0.100000E-001   0.519662E+000   0.519713E+000   0.103938E+001
      2.9700    0.100000E-001  -0.100000E-001   0.519505E+000   0.519556E+000   0.103906E+001
      2.9800    0.100000E-001  -0.100000E-001   0.519347E+000   0.519398E+000   0.103874E+001
      2.9900    0.100000E-001  -0.100000E-001   0.519188E+000   0.519239E+000   0.103843E+001
      3.0000    0.100000E-001  -0.100000E-001   0.519028E+000   0.519079E+000   0.103811E+001
      3.0100    0.100000E-001  -0.100000E-001   0.518868E+000   0.518919E+000   0.103779E+001
      3.0200    0.100000E-001  -0.100000E-001   0.518706E+000   0.518758E+000   0.103746E+001
      3.0300    0.100000E-001  -0.100000E-001   0.518545E+000   0.518596E+000   0.103714E+001
      3.0400    0.100000E-001  -0.100000E-001   0.518382E+000   0.518433E+000   0.103682E+001
      3.0500    0.100000E-001  -0.100000E-001   0.518219E+000   0.518270E+000   0.103649E+001
      3.0600    0.100000E-001  -0.100000E-001   0.518055E+000   0.518106E+000   0.103616E+001
      3.0700    0.100000E-001  -0.100000E-001   0.517891E+000   0.517942E+000   0.103583E+001
      3.0800    0.100000E-001  -0.100000E-001   0.517726E+000   0.517777E+000   0.103550E+001
      3.0900    0.100000E-001  -0.100000E-001   0.517561E+000   0.517612E+000   0.103517E+001
      3.1000    0.100000E-001  -0.100000E-001   0.517395E+000   0.517446E+000   0.103484E+001
      3.1100    0.100000E-001  -0.100000E-001   0.517229E+000   0.517280E+000   0.103451E+001
      3.1200    0.100000E-001  -0.100000E-001   0.517063E+000   0.517114E+000   0.103418E+001
      3.1300    0.100000E-001  -0.100000E-001   0.516896E+000   0.516947E+000   0.103384E+001
      3.1400    0.100000E-001  -0.100000E-001   0.516729E+000   0.516780E+000   0.103351E+001
      3.1500    0.100000E-001  -0.100000E-001   0.516561E+000   0.516612E+000   0.103317E+001
      3.1600    0.100000E-001  -0.100000E-001   0.516393E+000   0.516444E+000   0.103284E+001
      3.1700    0.100000E-001  -0.100000E-001   0.516225E+000   0.516276E+000   0.103250E+001
      3.1800    0.100000E-001  -0.100000E-001   0.516057E+000   0.516108E+000   0.103217E+001
      3.1900    0.100000E-001  -0.100000E-001   0.515889E+000   0.515940E+000   0.103183E+001
      3.2000    0.100000E-001  -0.100000E-001   0.515720E+000   0.515771E+000   0.103149E+001
      3.2100    0.100000E-001  -0.100000E-001   0.515551E+000   0.515602E+000   0.103115E+001
      3.2200    0.100000E-001  -0.100000E-001   0.515383E+000   0.515433E+000   0.103082E+001
      3.2300    0.100000E-001  -0.100000E-001   0.515214E+000   0.515265E+000   0.103048E+001
      3.2400    0.100000E-001  -0.100000E-001   0.515045E+000   0.515096E+000   0.103014E+001
      3.2500    0.100000E-001  -0.100000E-001   0.514876E+000   0.514926E+000   0.102980E+001
      3.2600    0.100000E-001  -0.100000E-001   0.514707E+000   0.514757E+000   0.102946E+001
      3.2700    0.100000E-001  -0.100000E-001   0.514538E+000   0.514588E+000   0.102913E+001
      3.2800    0.100000E-001  -0.100000E-001   0.514369E+000   0.514419E+000   0.102879E+001
      3.2900    0.100000E-001  -0.100000E-001   0.514200E+000   0.514250E+000   0.102845E+001
      3.3000    0.100000E-001  -0.100000E-001   0.514031E+000   0.514081E+000   0.102811E+001
      3.3100    0.100000E-001  -0.100000E-001   0.513862E+000   0.513913E+000   0.102777E+001
      3.3200    0.100000E-001  -0.100000E-001   0.513693E+000   0.513744E+000   0.102744E+001
      3.3300    0.100000E-001  -0.100000E-001   0.513525E+000   0.513575E+000   0.102710E+001
      3.3400    0.100000E-001  -0.100000E-001   0.513356E+000   0.513407E+000   0.102676E+001
      3.3500    0.100000E-001  -0.100000E-001   0.513188E+000   0.513239E+000   0.102643E+001
      3.3600    0.100000E-001  -0.100000E-001   0.513020E+000   0.513071E+000   0.102609E+001
      3.3700    0.100000E-001  -0.100000E-001   0.512852E+000   0.512903E+000   0.102576E+001
      3.3800    0.100000E-001  -0.100000E-001   0.512685E+000   0.512735E+000   0.102542E+001
      3.3900    0.100000E-001  -0.100000E-001   0.512517E+000   0.512568E+000   0.102509E+001
      3.4000    0.100000E-001  -0.100000E-001   0.512350E+000   0.512401E+000   0.102475E+001
      3.4100    0.100000E-001  -0.100000E-001   0.512184E+000   0.512234E+000   0.102442E+001
      3.4200    0.100000E-001  -0.100000E-001   0.512017E+000   0.512068E+000   0.102409E+001
      3.4300    0.100000E-001  -0.100000E-001   0.511851E+000   0.511902E+000   0.102375E+001
      3.4400    0.100000E-001  -0.100000E-001   0.511685E+000   0.511736E+000   0.102342E+001
      3.4500    0.100000E-001  -0.100000E-001   0.511520E+000   0.511571E+000   0.102309E+001
      3.4600    0.100000E-001  -0.100000E-001   0.511355E+000   0.511406E+000   0.102276E+001
      3.4700    0.100000E-001  -0.100000E-001   0.511190E+000   0.511241E+000   0.102243E+001
      3.4800    0.100000E-001  -0.100000E-001   0.511026E+000   0.511077E+000   0.102210E+001
      3.4900    0.100000E-001  -0.100000E-001   0.510863E+000   0.510914E+000   0.102178E+001
      3.5000    0.100000E-001  -0.100000E-001   0.510699E+000   0.510750E+000   0.102145E+001
      3.5100    0.100000E-001  -0.100000E-001   0.510537E+000   0.510588E+000   0.102112E+001
      3.5200    0.100000E-001  -0.100000E-001   0.510374E+000   0.510425E+000   0.102080E+001
      3.5300    0.100000E-001  -0.100000E-001   0.510212E+000   0.510263E+000   0.102048E+001
      3.5400    0.100000E-001  -0.100000E-001   0.510051E+000   0.510102E+000   0.102015E+001
      3.5500    0.100000E-001  -0.100000E-001   0.509890E+000   0.509941E+000   0.101983E+001
      3.5600    0.100000E-001  -0.100000E-001   0.509730E+000   0.509781E+000   0.101951E+001
      3.5700    0.100000E-001  -0.100000E-001   0.509570E+000   0.509621E+000   0.101919E+001
      3.5800    0.100000E-001  -0.100000E-001   0.509411E+000   0.509462E+000   0.101887E+001
      3.5900    0.100000E-001  -0.100000E-001   0.509253E+000   0.509304E+000   0.101856E+001
      3.6000    0.100000E-001  -0.100000E-001   0.509095E+000   0.509146E+000   0.101824E+001
      3.6100    0.100000E-001  -0.100000E-001   0.508937E+000   0.508989E+000   0.101793E+001
      3.6200    0.100000E-001  -0.100000E-001   0.508781E+000   0.508832E+000   0.101761E+001
      3.6300    0.100000E-001  -0.100000E-001   0.508625E+000   0.508676E+000   0.101730E+001
      3.6400    0.100000E-001  -0.100000E-001   0.508469E+000   0.508520E+000   0.101699E+001
      3.6500    0.100000E-001  -0.100000E-001   0.508314E+000   0.508366E+000   0.101668E+001
      3.6600    0.100000E-001  -0.100000E-001   0.508160E+000   0.508212E+000   0.101637E+001
      3.6700    0.100000E-001  -0.100000E-001   0.508007E+000   0.508058E+000   0.101607E+001
      3.6800    0.100000E-001  -0.100000E-001   0.507854E+000   0.507906E+000   0.101576E+001
      3.6900    0.100000E-001  -0.100000E-001   0.507702E+000   0.507754E+000   0.101546E+001
      3.7000    0.100000E-001  -0.100000E-001   0.507551E+000   0.507602E+000   0.101515E+001
      3.7100    0.100000E-001  -0.100000E-001   0.507400E+000   0.507452E+000   0.101485E+001
      3.7200    0.100000E-001  -0.100000E-001   0.507251E+000   0.507302E+000   0.101455E+001
      3.7300    0.100000E-001  -0.100000E-001   0.507102E+000   0.507153E+000   0.101425E+001
      3.7400    0.100000E-001  -0.100000E-001   0.506953E+000   0.507005E+000   0.101396E+001
      3.7500    0.100000E-001  -0.100000E-001   0.506806E+000   0.506857E+000   0.101366E+001
      3.7600    0.100000E-001  -0.100000E-001   0.506659E+000   0.506710E+000   0.101337E+001
      3.7700    0.100000E-001  -0.100000E-001   0.506513E+000   0.506565E+000   0.101308E+001
      3.7800    0.100000E-001  -0.100000E-001   0.506368E+000   0.506419E+000   0.101279E+001
      3.7900    0.100000E-001  -0.100000E-001   0.506223E+000   0.506275E+000   0.101250E+001
      3.8000    0.100000E-001  -0.100000E-001   0.506080E+000   0.506132E+000   0.101221E+001
      3.8100    0.100000E-001  -0.100000E-001   0.505937E+000   0.505989E+000   0.101193E+001
      3.8200    0.100000E-001  -0.100000E-001   0.505795E+000   0.505847E+000   0.101164E+001
      3.8300    0.100000E-001  -0.100000E-001   0.505654E+000   0.505706E+000   0.101136E+001
      3.8400    0.100000E-001  -0.100000E-001   0.505514E+000   0.505566E+000   0.101108E+001
      3.8500    0.100000E-001  -0.100000E-001   0.505375E+000   0.505427E+000   0.101080E+001
      3.8600    0.100000E-001  -0.100000E-001   0.505236E+000   0.505288E+000   0.101052E+001
      3.8700    0.100000E-001  -0.100000E-001   0.505099E+000   0.505151E+000   0.101025E+001
      3.8800    0.100000E-001  -0.100000E-001   0.504962E+000   0.505014E+000   0.100998E+001
      3.8900    0.100000E-001  -0.100000E-001   0.504826E+000   0.504878E+000   0.100970E+001
      3.9000    0.100000E-001  -0.100000E-001   0.504692E+000   0.504744E+000   0.100944E+001
      3.9100    0.100000E-001  -0.100000E-001   0.504558E+000   0.504610E+000   0.100917E+001
      3.9200    0.100000E-001  -0.100000E-001   0.504425E+000   0.504477E+000   0.100890E+001
      3.9300    0.100000E-001  -0.100000E-001   0.504292E+000   0.504344E+000   0.100864E+001
      3.9400    0.100000E-001  -0.100000E-001   0.504161E+000   0.504213E+000   0.100837E+001
      3.9500    0.100000E-001  -0.100000E-001   0.504031E+000   0.504083E+000   0.100811E+001
      3.9600    0.100000E-001  -0.100000E-001   0.503902E+000   0.503954E+000   0.100786E+001
      3.9700    0.100000E-001  -0.100000E-001   0.503773E+000   0.503825E+000   0.100760E+001
      3.9800    0.100000E-001  -0.100000E-001   0.503646E+000   0.503698E+000   0.100734E+001
      3.9900    0.100000E-001  -0.100000E-001   0.503519E+000   0.503572E+000   0.100709E+001
      4.0000    0.100000E-001  -0.100000E-001   0.503394E+000   0.503446E+000   0.100684E+001
      4.0100    0.100000E-001  -0.100000E-001   0.503269E+000   0.503322E+000   0.100659E+001
      4.0200    0.100000E-001  -0.100000E-001   0.503146E+000   0.503198E+000   0.100634E+001
      4.0300    0.100000E-001  -0.100000E-001   0.503023E+000   0.503076E+000   0.100610E+001
      4.0400    0.100000E-001  -0.100000E-001   0.502902E+000   0.502954E+000   0.100586E+001
      4.0500    0.100000E-001  -0.100000E-001   0.502781E+000   0.502834E+000   0.100561E+001
      4.0600    0.100000E-001  -0.100000E-001   0.502662E+000   0.502714E+000   0.100538E+001
      4.0700    0.100000E-001  -0.100000E-001   0.502543E+000   0.502596E+000   0.100514E+001
      4.0800    0.100000E-001  -0.100000E-001   0.502425E+000   0.502478E+000   0.100490E+001
      4.0900    0.100000E-001  -0.100000E-001   0.502309E+000   0.502361E+000   0.100467E+001
      4.1000    0.100000E-001  -0.100000E-001   0.502193E+000   0.502246E+000   0.100444E+001
      4.1100    0.100000E-001  -0.100000E-001   0.502079E+000   0.502131E+000   0.100421E+001
      4.1200    0.100000E-001  -0.100000E-001   0.501965E+000   0.502018E+000   0.100398E+001
      4.1300    0.100000E-001  -0.100000E-001   0.501853E+000   0.501905E+000   0.100376E+001
      4.1400    0.100000E-001  -0.100000E-001   0.501741E+000   0.501794E+000   0.100354E+001
      4.1500    0.100000E-001  -0.100000E-001   0.501631E+000   0.501684E+000   0.100331E+001
      4.1600    0.100000E-001  -0.100000E-001   0.501521E+000   0.501574E+000   0.100310E+001
      4.1700    0.100000E-001  -0.100000E-001   0.501413E+000   0.501466E+000   0.100288E+001
      4.1800    0.100000E-001  -0.100000E-001   0.501306E+000   0.501359E+000   0.100266E+001
      4.1900    0.100000E-001  -0.100000E-001   0.501199E+000   0.501252E+000   0.100245E+001
      4.2000    0.100000E-001  -0.100000E-001   0.501094E+000   0.501147E+000   0.100224E+001
      4.2100    0.100000E-001  -0.100000E-001   0.500990E+000   0.501043E+000   0.100203E+001
      4.2200    0.100000E-001  -0.100000E-001   0.500887E+000   0.500940E+000   0.100183E+001
      4.2300    0.100000E-001  -0.100000E-001   0.500785E+000   0.500838E+000   0.100162E+001
      4.2400    0.100000E-001  -0.100000E-001   0.500684E+000   0.500737E+000   0.100142E+001
      4.2500    0.100000E-001  -0.100000E-001   0.500584E+000   0.500637E+000   0.100122E+001
      4.2600    0.100000E-001  -0.100000E-001   0.500485E+000   0.500538E+000   0.100102E+001
      4.2700    0.100000E-001  -0.100000E-001   0.500387E+000   0.500440E+000   0.100083E+001
      4.2800    0.100000E-001  -0.100000E-001   0.500290E+000   0.500344E+000   0.100063E+001
      4.2900    0.100000E-001  -0.100000E-001   0.500195E+000   0.500248E+000   0.100044E+001
      4.3000    0.100000E-001  -0.100000E-001   0.500100E+000   0.500153E+000   0.100025E+001
      4.3100    0.100000E-001  -0.100000E-001   0.500006E+000   0.500060E+000   0.100007E+001
      4.3200    0.100000E-001  -0.100000E-001   0.499914E+000   0.499967E+000   0.999881E+000
      4.3300    0.100000E-001  -0.100000E-001   0.499822E+000   0.499876E+000   0.999698E+000
      4.3400    0.100000E-001  -0.100000E-001   0.499732E+000   0.499786E+000   0.999518E+000
      4.3500    0.100000E-001  -0.100000E-001   0.499643E+000   0.499696E+000   0.999339E+000
      4.3600    0.100000E-001  -0.100000E-001   0.499554E+000   0.499608E+000   0.999162E+000
      4.3700    0.100000E-001  -0.100000E-001   0.499467E+000   0.499521E+000   0.998988E+000
      4.3800    0.100000E-001  -0.100000E-001   0.499381E+000   0.499435E+000   0.998816E+000
      4.3900    0.100000E-001  -0.100000E-001   0.499296E+000   0.499350E+000   0.998646E+000
      4.4000    0.100000E-001  -0.100000E-001   0.499212E+000   0.499266E+000   0.998478E+000
      4.4100    0.100000E-001  -0.100000E-001   0.499129E+000   0.499183E+000   0.998312E+000
      4.4200    0.100000E-001  -0.100000E-001   0.499047E+000   0.499101E+000   0.998149E+000
      4.4300    0.100000E-001  -0.100000E-001   0.498967E+000   0.499021E+000   0.997987E+000
      4.4400    0.100000E-001  -0.100000E-001   0.498887E+000   0.498941E+000   0.997828E+000
      4.4500    0.100000E-001  -0.100000E-001   0.498808E+000   0.498862E+000   0.997671E+000
      4.4600    0.100000E-001  -0.100000E-001   0.498731E+000   0.498785E+000   0.997516E+000
      4.4700    0.100000E-001  -0.100000E-001   0.498654E+000   0.498708E+000   0.997363E+000
      4.4800    0.100000E-001  -0.100000E-001   0.498579E+000   0.498633E+000   0.997212E+000
      4.4900    0.100000E-001  -0.100000E-001   0.498505E+000   0.498559E+000   0.997063E+000
      4.5000    0.100000E-001  -0.100000E-001   0.498431E+000   0.498485E+000   0.996917E+000
      4.5100    0.100000E-001  -0.100000E-001   0.498359E+000   0.498413E+000   0.996772E+000
      4.5200    0.100000E-001  -0.100000E-001   0.498288E+000   0.498342E+000   0.996630E+000
      4.5300    0.100000E-001  -0.100000E-001   0.498218E+000   0.498272E+000   0.996490E+000
      4.5400    0.100000E-001  -0.100000E-001   0.498149E+000   0.498203E+000   0.996352E+000
      4.5500    0.100000E-001  -0.100000E-001   0.498081E+000   0.498135E+000   0.996216E+000
      4.5600    0.100000E-001  -0.100000E-001   0.498014E+000   0.498068E+000   0.996082E+000
      4.5700    0.100000E-001  -0.100000E-001   0.497948E+000   0.498003E+000   0.995951E+000
      4.5800    0.100000E-001  -0.100000E-001   0.497883E+000   0.497938E+000   0.995821E+000
      4.5900    0.100000E-001  -0.100000E-001   0.497820E+000   0.497874E+000   0.995694E+000
      4.6000    0.100000E-001  -0.100000E-001   0.497757E+000   0.497811E+000   0.995568E+000
      4.6100    0.100000E-001  -0.100000E-001   0.497695E+000   0.497750E+000   0.995445E+000
      4.6200    0.100000E-001  -0.100000E-001   0.497635E+000   0.497689E+000   0.995324E+000
      4.6300    0.100000E-001  -0.100000E-001   0.497575E+000   0.497630E+000   0.995205E+000
      4.6400    0.100000E-001  -0.100000E-001   0.497516E+000   0.497571E+000   0.995088E+000
      4.6500    0.100000E-001  -0.100000E-001   0.497459E+000   0.497514E+000   0.994973E+000
      4.6600    0.100000E-001  -0.100000E-001   0.497402E+000   0.497457E+000   0.994860E+000
      4.6700    0.100000E-001  -0.100000E-001   0.497347E+000   0.497402E+000   0.994749E+000
      4.6800    0.100000E-001  -0.100000E-001   0.497293E+000   0.497348E+000   0.994640E+000
      4.6900    0.100000E-001  -0.100000E-001   0.497239E+000   0.497294E+000   0.994534E+000
      4.7000    0.100000E-001  -0.100000E-001   0.497187E+000   0.497242E+000   0.994429E+000
      4.7100    0.100000E-001  -0.100000E-001   0.497136E+000   0.497191E+000   0.994326E+000
      4.7200    0.100000E-001  -0.100000E-001   0.497085E+000   0.497140E+000   0.994226E+000
      4.7300    0.100000E-001  -0.100000E-001   0.497036E+000   0.497091E+000   0.994127E+000
      4.7400    0.100000E-001  -0.100000E-001   0.496988E+000   0.497043E+000   0.994031E+000
      4.7500    0.100000E-001  -0.100000E-001   0.496940E+000   0.496996E+000   0.993936E+000
      4.7600    0.100000E-001  -0.100000E-001   0.496894E+000   0.496949E+000   0.993844E+000
      4.7700    0.100000E-001  -0.100000E-001   0.496849E+000   0.496904E+000   0.993753E+000
      4.7800    0.100000E-001  -0.100000E-001   0.496805E+000   0.496860E+000   0.993665E+000
      4.7900    0.100000E-001  -0.100000E-001   0.496761E+000   0.496817E+000   0.993578E+000
      4.8000    0.100000E-001  -0.100000E-001   0.496719E+000   0.496774E+000   0.993493E+000
      4.8100    0.100000E-001  -0.100000E-001   0.496678E+000   0.496733E+000   0.993411E+000
      4.8200    0.100000E-001  -0.100000E-001   0.496637E+000   0.496693E+000   0.993330E+000
      4.8300    0.100000E-001  -0.100000E-001   0.496598E+000   0.496654E+000   0.993252E+000
      4.8400    0.100000E-001  -0.100000E-001   0.496560E+000   0.496615E+000   0.993175E+000
      4.8500    0.100000E-001  -0.100000E-001   0.496522E+000   0.496578E+000   0.993100E+000
      4.8600    0.100000E-001  -0.100000E-001   0.496486E+000   0.496541E+000   0.993027E+000
      4.8700    0.100000E-001  -0.100000E-001   0.496450E+000   0.496506E+000   0.992956E+000
      4.8800    0.100000E-001  -0.100000E-001   0.496416E+000   0.496472E+000   0.992887E+000
      4.8900    0.100000E-001  -0.100000E-001   0.496382E+000   0.496438E+000   0.992820E+000
      4.9000    0.100000E-001  -0.100000E-001   0.496350E+000   0.496405E+000   0.992755E+000
      4.9100    0.100000E-001  -0.100000E-001   0.496318E+000   0.496374E+000   0.992692E+000
      4.9200    0.100000E-001  -0.100000E-001   0.496287E+000   0.496343E+000   0.992630E+000
      4.9300    0.100000E-001  -0.100000E-001   0.496258E+000   0.496313E+000   0.992571E+000
      4.9400    0.100000E-001  -0.100000E-001   0.496229E+000   0.496285E+000   0.992513E+000
      4.9500    0.100000E-001  -0.100000E-001   0.496201E+000   0.496257E+000   0.992457E+000
      4.9600    0.100000E-001  -0.100000E-001   0.496174E+000   0.496230E+000   0.992403E+000
      4.9700    0.100000E-001  -0.100000E-001   0.496148E+000   0.496204E+000   0.992351E+000
      4.9800    0.100000E-001  -0.100000E-001   0.496122E+000   0.496178E+000   0.992301E+000
      4.9900    0.100000E-001  -0.100000E-001   0.496098E+000   0.496154E+000   0.992252E+000
      5.0000    0.100000E-001  -0.100000E-001   0.496075E+000   0.496131E+000   0.992206E+000
      5.0100    0.100000E-001  -0.100000E-001   0.496052E+000   0.496108E+000   0.992161E+000
      5.0200    0.100000E-001  -0.100000E-001   0.496031E+000   0.496087E+000   0.992118E+000
      5.0300    0.100000E-001  -0.100000E-001   0.496010E+000   0.496066E+000   0.992076E+000
      5.0400    0.100000E-001  -0.100000E-001   0.495990E+000   0.496046E+000   0.992037E+000
      5.0500    0.100000E-001  -0.100000E-001   0.495971E+000   0.496027E+000   0.991999E+000
      5.0600    0.100000E-001  -0.100000E-001   0.495953E+000   0.496009E+000   0.991963E+000
      5.0700    0.100000E-001  -0.100000E-001   0.495936E+000   0.495992E+000   0.991928E+000
      5.0800    0.100000E-001  -0.100000E-001   0.495920E+000   0.495976E+000   0.991896E+000
      5.0900    0.100000E-001  -0.100000E-001   0.495904E+000   0.495960E+000   0.991865E+000
      5.1000    0.100000E-001  -0.100000E-001   0.495889E+000   0.495946E+000   0.991835E+000
      5.1100    0.100000E-001  -0.100000E-001   0.495876E+000   0.495932E+000   0.991808E+000
      5.1200    0.100000E-001  -0.100000E-001   0.495863E+000   0.495919E+000   0.991782E+000
      5.1300    0.100000E-001  -0.100000E-001   0.495850E+000   0.495907E+000   0.991758E+000
      5.1400    0.100000E-001  -0.100000E-001   0.495839E+000   0.495896E+000   0.991735E+000
      5.1500    0.100000E-001  -0.100000E-001   0.495829E+000   0.495885E+000   0.991714E+000
      5.1600    0.100000E-001  -0.100000E-001   0.495819E+000   0.495876E+000   0.991695E+000
      5.1700    0.100000E-001  -0.100000E-001   0.495810E+000   0.495867E+000   0.991677E+000
      5.1800    0.100000E-001  -0.100000E-001   0.495802E+000   0.495859E+000   0.991661E+000
      5.1900    0.100000E-001  -0.100000E-001   0.495795E+000   0.495852E+000   0.991646E+000
      5.2000    0.100000E-001  -0.100000E-001   0.495788E+000   0.495845E+000   0.991633E+000
      5.2100    0.100000E-001  -0.100000E-001   0.495783E+000   0.495839E+000   0.991622E+000
      5.2200    0.100000E-001  -0.100000E-001   0.495778E+000   0.495835E+000   0.991612E+000
      5.2300    0.100000E-001  -0.100000E-001   0.495774E+000   0.495830E+000   0.991604E+000
      5.2400    0.100000E-001  -0.100000E-001   0.495770E+000   0.495827E+000   0.991597E+000
      5.2500    0.100000E-001  -0.100000E-001   0.495768E+000   0.495825E+000   0.991592E+000
      5.2600    0.100000E-001  -0.100000E-001   0.495766E+000   0.495823E+000   0.991588E+000
      5.2700    0.100000E-001  -0.100000E-001   0.495765E+000   0.495822E+000   0.991586E+000
      5.2800    0.100000E-001  -0.100000E-001   0.495764E+000   0.495821E+000   0.991586E+000
      5.2900    0.100000E-001  -0.100000E-001   0.495765E+000   0.495822E+000   0.991586E+000
      5.3000    0.100000E-001  -0.100000E-001   0.495766E+000   0.495823E+000   0.991589E+000
      5.3100    0.100000E-001  -0.100000E-001   0.495768E+000   0.495825E+000   0.991592E+000
      5.3200    0.100000E-001  -0.100000E-001   0.495770E+000   0.495827E+000   0.991598E+000
      5.3300    0.100000E-001  -0.100000E-001   0.495773E+000   0.495831E+000   0.991604E+000
      5.3400    0.100000E-001  -0.100000E-001   0.495777E+000   0.495835E+000   0.991612E+000
      5.3500    0.100000E-001  -0.100000E-001   0.495782E+000   0.495839E+000   0.991621E+000
      5.3600    0.100000E-001  -0.100000E-001   0.495787E+000   0.495845E+000   0.991632E+000
      5.3700    0.100000E-001  -0.100000E-001   0.495794E+000   0.495851E+000   0.991644E+000
      5.3800    0.100000E-001  -0.100000E-001   0.495800E+000   0.495858E+000   0.991658E+000
      5.3900    0.100000E-001  -0.100000E-001   0.495808E+000   0.495865E+000   0.991673E+000
      5.4000    0.100000E-001  -0.100000E-001   0.495816E+000   0.495873E+000   0.991689E+000
      5.4100    0.100000E-001  -0.100000E-001   0.495824E+000   0.495882E+000   0.991706E+000
      5.4200    0.100000E-001  -0.100000E-001   0.495834E+000   0.495891E+000   0.991725E+000
      5.4300    0.100000E-001  -0.100000E-001   0.495844E+000   0.495901E+000   0.991745E+000
      5.4400    0.100000E-001  -0.100000E-001   0.495855E+000   0.495912E+000   0.991767E+000
      5.4500    0.100000E-001  -0.100000E-001   0.495866E+000   0.495923E+000   0.991789E+000
      5.4600    0.100000E-001  -0.100000E-001   0.495878E+000   0.495935E+000   0.991813E+000
      5.4700    0.100000E-001  -0.100000E-001   0.495890E+000   0.495948E+000   0.991838E+000
      5.4800    0.100000E-001  -0.100000E-001   0.495904E+000   0.495961E+000   0.991865E+000
      5.4900    0.100000E-001  -0.100000E-001   0.495917E+000   0.495975E+000   0.991893E+000
      5.5000    0.100000E-001  -0.100000E-001   0.495932E+000   0.495990E+000   0.991921E+000
      5.5100    0.100000E-001  -0.100000E-001   0.495947E+000   0.496005E+000   0.991951E+000
      5.5200    0.100000E-001  -0.100000E-001   0.495962E+000   0.496020E+000   0.991983E+000
      5.5300    0.100000E-001  -0.100000E-001   0.495979E+000   0.496036E+000   0.992015E+000
      5.5400    0.100000E-001  -0.100000E-001   0.495995E+000   0.496053E+000   0.992048E+000
      5.5500    0.100000E-001  -0.100000E-001   0.496013E+000   0.496070E+000   0.992083E+000
      5.5600    0.100000E-001  -0.100000E-001   0.496031E+000   0.496088E+000   0.992119E+000
      5.5700    0.100000E-001  -0.100000E-001   0.496049E+000   0.496107E+000   0.992156E+000
      5.5800    0.100000E-001  -0.100000E-001   0.496068E+000   0.496126E+000   0.992194E+000
      5.5900    0.100000E-001  -0.100000E-001   0.496088E+000   0.496145E+000   0.992233E+000
      5.6000    0.100000E-001  -0.100000E-001   0.496108E+000   0.496166E+000   0.992273E+000
      5.6100    0.100000E-001  -0.100000E-001   0.496128E+000   0.496186E+000   0.992314E+000
      5.6200    0.100000E-001  -0.100000E-001   0.496149E+000   0.496207E+000   0.992357E+000
      5.6300    0.100000E-001  -0.100000E-001   0.496171E+000   0.496229E+000   0.992400E+000
      5.6400    0.100000E-001  -0.100000E-001   0.496193E+000   0.496251E+000   0.992444E+000
      5.6500    0.100000E-001  -0.100000E-001   0.496216E+000   0.496274E+000   0.992490E+000
      5.6600    0.100000E-001  -0.100000E-001   0.496239E+000   0.496297E+000   0.992536E+000
      5.6700    0.100000E-001  -0.100000E-001   0.496263E+000   0.496321E+000   0.992583E+000
      5.6800    0.100000E-001  -0.100000E-001   0.496287E+000   0.496345E+000   0.992632E+000
      5.6900    0.100000E-001  -0.100000E-001   0.496311E+000   0.496369E+000   0.992681E+000
      5.7000    0.100000E-001  -0.100000E-001   0.496336E+000   0.496395E+000   0.992731E+000
      5.7100    0.100000E-001  -0.100000E-001   0.496362E+000   0.496420E+000   0.992782E+000
      5.7200    0.100000E-001  -0.100000E-001   0.496388E+000   0.496446E+000   0.992834E+000
      5.7300    0.100000E-001  -0.100000E-001   0.496414E+000   0.496473E+000   0.992887E+000
      5.7400    0.100000E-001  -0.100000E-001   0.496441E+000   0.496500E+000   0.992941E+000
      5.7500    0.100000E-001  -0.100000E-001   0.496469E+000   0.496527E+000   0.992995E+000
      5.7600    0.100000E-001  -0.100000E-001   0.496496E+000   0.496555E+000   0.993051E+000
      5.7700    0.100000E-001  -0.100000E-001   0.496524E+000   0.496583E+000   0.993107E+000
      5.7800    0.100000E-001  -0.100000E-001   0.496553E+000   0.496611E+000   0.993165E+000
      5.7900    0.100000E-001  -0.100000E-001   0.496582E+000   0.496641E+000   0.993223E+000
      5.8000    0.100000E-001  -0.100000E-001   0.496612E+000   0.496670E+000   0.993281E+000
      5.8100    0.100000E-001  -0.100000E-001   0.496641E+000   0.496700E+000   0.993341E+000
      5.8200    0.100000E-001  -0.100000E-001   0.496672E+000   0.496730E+000   0.993402E+000
      5.8300    0.100000E-001  -0.100000E-001   0.496702E+000   0.496761E+000   0.993463E+000
      5.8400    0.100000E-001  -0.100000E-001   0.496733E+000   0.496792E+000   0.993525E+000
      5.8500    0.100000E-001  -0.100000E-001   0.496764E+000   0.496823E+000   0.993587E+000
      5.8600    0.100000E-001  -0.100000E-001   0.496796E+000   0.496855E+000   0.993651E+000
      5.8700    0.100000E-001  -0.100000E-001   0.496828E+000   0.496887E+000   0.993715E+000
      5.8800    0.100000E-001  -0.100000E-001   0.496861E+000   0.496919E+000   0.993780E+000
      5.8900    0.100000E-001  -0.100000E-001   0.496893E+000   0.496952E+000   0.993845E+000
      5.9000    0.100000E-001  -0.100000E-001   0.496926E+000   0.496985E+000   0.993912E+000
      5.9100    0.100000E-001  -0.100000E-001   0.496960E+000   0.497019E+000   0.993978E+000
      5.9200    0.100000E-001  -0.100000E-001   0.496994E+000   0.497052E+000   0.994046E+000
      5.9300    0.100000E-001  -0.100000E-001   0.497028E+000   0.497086E+000   0.994114E+000
      5.9400    0.100000E-001  -0.100000E-001   0.497062E+000   0.497121E+000   0.994183E+000
      5.9500    0.100000E-001  -0.100000E-001   0.497097E+000   0.497155E+000   0.994252E+000
      5.9600    0.100000E-001  -0.100000E-001   0.497132E+000   0.497190E+000   0.994322E+000
      5.9700    0.100000E-001  -0.100000E-001   0.497167E+000   0.497226E+000   0.994393E+000
      5.9800    0.100000E-001  -0.100000E-001   0.497203E+000   0.497261E+000   0.994464E+000
      5.9900    0.100000E-001  -0.100000E-001   0.497238E+000   0.497297E+000   0.994536E+000
      6.0000    0.100000E-001  -0.100000E-001   0.497275E+000   0.497333E+000   0.994608E+000
      6.0100    0.100000E-001  -0.100000E-001   0.497311E+000   0.497370E+000   0.994681E+000
      6.0200    0.100000E-001  -0.100000E-001   0.497348E+000   0.497406E+000   0.994754E+000
      6.0300    0.100000E-001  -0.100000E-001   0.497385E+000   0.497443E+000   0.994828E+000
      6.0400    0.100000E-001  -0.100000E-001   0.497422E+000   0.497481E+000   0.994902E+000
      6.0500    0.100000E-001  -0.100000E-001   0.497459E+000   0.497518E+000   0.994977E+000
      6.0600    0.100000E-001  -0.100000E-001   0.497497E+000   0.497556E+000   0.995052E+000
      6.0700    0.100000E-001  -0.100000E-001   0.497535E+000   0.497593E+000   0.995128E+000
      6.0800    0.100000E-001  -0.100000E-001   0.497573E+000   0.497632E+000   0.995204E+000
      6.0900    0.100000E-001  -0.100000E-001   0.497611E+000   0.497670E+000   0.995281E+000
      6.1000    0.100000E-001  -0.100000E-001   0.497649E+000   0.497708E+000   0.995358E+000
      6.1100    0.100000E-001  -0.100000E-001   0.497688E+000   0.497747E+000   0.995435E+000
      6.1200    0.100000E-001  -0.100000E-001   0.497727E+000   0.497786E+000   0.995513E+000
      6.1300    0.100000E-001  -0.100000E-001   0.497766E+000   0.497825E+000   0.995591E+000
      6.1400    0.100000E-001  -0.100000E-001   0.497806E+000   0.497865E+000   0.995670E+000
      6.1500    0.100000E-001  -0.100000E-001   0.497845E+000   0.497904E+000   0.995749E+000
      6.1600    0.100000E-001  -0.100000E-001   0.497885E+000   0.497944E+000   0.995828E+000
      6.1700    0.100000E-001  -0.100000E-001   0.497924E+000   0.497984E+000   0.995908E+000
      6.1800    0.100000E-001  -0.100000E-001   0.497964E+000   0.498024E+000   0.995988E+000
      6.1900    0.100000E-001  -0.100000E-001   0.498005E+000   0.498064E+000   0.996068E+000
      6.2000    0.100000E-001  -0.100000E-001   0.498045E+000   0.498104E+000   0.996149E+000
      6.2100    0.100000E-001  -0.100000E-001   0.498085E+000   0.498144E+000   0.996230E+000
      6.2200    0.100000E-001  -0.100000E-001   0.498126E+000   0.498185E+000   0.996311E+000
      6.2300    0.100000E-001  -0.100000E-001   0.498167E+000   0.498226E+000   0.996392E+000
      6.2400    0.100000E-001  -0.100000E-001   0.498208E+000   0.498267E+000   0.996474E+000
      6.2500    0.100000E-001  -0.100000E-001   0.498248E+000   0.498308E+000   0.996556E+000
      6.2600    0.100000E-001  -0.100000E-001   0.498290E+000   0.498349E+000   0.996638E+000
      6.2700    0.100000E-001  -0.100000E-001   0.498331E+000   0.498390E+000   0.996721E+000
      6.2800    0.100000E-001  -0.100000E-001   0.498372E+000   0.498431E+000   0.996803E+000
      6.2900    0.100000E-001  -0.100000E-001   0.498413E+000   0.498473E+000   0.996886E+000
      6.3000    0.100000E-001  -0.100000E-001   0.498455E+000   0.498514E+000   0.996969E+000
      6.3100    0.100000E-001  -0.100000E-001   0.498496E+000   0.498556E+000   0.997052E+000
      6.3200    0.100000E-001  -0.100000E-001   0.498538E+000   0.498597E+000   0.997136E+000
      6.3300    0.100000E-001  -0.100000E-001   0.498580E+000   0.498639E+000   0.997219E+000
      6.3400    0.100000E-001  -0.100000E-001   0.498622E+000   0.498681E+000   0.997303E+000
      6.3500    0.100000E-001  -0.100000E-001   0.498664E+000   0.498723E+000   0.997386E+000
      6.3600    0.100000E-001  -0.100000E-001   0.498705E+000   0.498765E+000   0.997470E+000
      6.3700    0.100000E-001  -0.100000E-001   0.498747E+000   0.498807E+000   0.997554E+000
      6.3800    0.100000E-001  -0.100000E-001   0.498790E+000   0.498849E+000   0.997638E+000
      6.3900    0.100000E-001  -0.100000E-001   0.498832E+000   0.498891E+000   0.997722E+000
      6.4000    0.100000E-001  -0.100000E-001   0.498874E+000   0.498933E+000   0.997807E+000
      6.4100    0.100000E-001  -0.100000E-001   0.498916E+000   0.498975E+000   0.997891E+000
      6.4200    0.100000E-001  -0.100000E-001   0.498958E+000   0.499017E+000   0.997975E+000
      6.4300    0.100000E-001  -0.100000E-001   0.499000E+000   0.499060E+000   0.998060E+000
      6.4400    0.100000E-001  -0.100000E-001   0.499042E+000   0.499102E+000   0.998144E+000
      6.4500    0.100000E-001  -0.100000E-001   0.499085E+000   0.499144E+000   0.998229E+000
      6.4600    0.100000E-001  -0.100000E-001   0.499127E+000   0.499186E+000   0.998313E+000
      6.4700    0.100000E-001  -0.100000E-001   0.499169E+000   0.499229E+000   0.998398E+000
      6.4800    0.100000E-001  -0.100000E-001   0.499211E+000   0.499271E+000   0.998482E+000
      6.4900    0.100000E-001  -0.100000E-001   0.499254E+000   0.499313E+000   0.998567E+000
      6.5000    0.100000E-001  -0.100000E-001   0.499296E+000   0.499355E+000   0.998651E+000
      6.5100    0.100000E-001  -0.100000E-001   0.499338E+000   0.499397E+000   0.998736E+000
      6.5200    0.100000E-001  -0.100000E-001   0.499380E+000   0.499440E+000   0.998820E+000
      6.5300    0.100000E-001  -0.100000E-001   0.499422E+000   0.499482E+000   0.998904E+000
      6.5400    0.100000E-001  -0.100000E-001   0.499465E+000   0.499524E+000   0.998988E+000
      6.5500    0.100000E-001  -0.100000E-001   0.499507E+000   0.499566E+000   0.999073E+000
      6.5600    0.100000E-001  -0.100000E-001   0.499549E+000   0.499608E+000   0.999157E+000
      6.5700    0.100000E-001  -0.100000E-001   0.499591E+000   0.499650E+000   0.999241E+000
      6.5800    0.100000E-001  -0.100000E-001   0.499633E+000   0.499692E+000   0.999325E+000
      6.5900    0.100000E-001  -0.100000E-001   0.499674E+000   0.499734E+000   0.999408E+000
      6.6000    0.100000E-001  -0.100000E-001   0.499716E+000   0.499776E+000   0.999492E+000
      6.6100    0.100000E-001  -0.100000E-001   0.499758E+000   0.499817E+000   0.999575E+000
      6.6200    0.100000E-001  -0.100000E-001   0.499800E+000   0.499859E+000   0.999659E+000
      6.6300    0.100000E-001  -0.100000E-001   0.499841E+000   0.499901E+000   0.999742E+000
      6.6400    0.100000E-001  -0.100000E-001   0.499883E+000   0.499942E+000   0.999825E+000
      6.6500    0.100000E-001  -0.100000E-001   0.499924E+000   0.499984E+000   0.999908E+000
      6.6600    0.100000E-001  -0.100000E-001   0.499966E+000   0.500025E+000   0.999991E+000
      6.6700    0.100000E-001  -0.100000E-001   0.500007E+000   0.500066E+000   0.100007E+001
      6.6800    0.100000E-001  -0.100000E-001   0.500048E+000   0.500108E+000   0.100016E+001
      6.6900    0.100000E-001  -0.100000E-001   0.500089E+000   0.500149E+000   0.100024E+001
      6.7000    0.100000E-001  -0.100000E-001   0.500130E+000   0.500190E+000   0.100032E+001
      6.7100    0.100000E-001  -0.100000E-001   0.500171E+000   0.500230E+000   0.100040E+001
      6.7200    0.100000E-001  -0.100000E-001   0.500212E+000   0.500271E+000   0.100048E+001
      6.7300    0.100000E-001  -0.100000E-001   0.500252E+000   0.500312E+000   0.100056E+001
      6.7400    0.100000E-001  -0.100000E-001   0.500293E+000   0.500352E+000   0.100065E+001
      6.7500    0.100000E-001  -0.100000E-001   0.500333E+000   0.500393E+000   0.100073E+001
      6.7600    0.100000E-001  -0.100000E-001   0.500373E+000   0.500433E+000   0.100081E+001
      6.7700    0.100000E-001  -0.100000E-001   0.500413E+000   0.500473E+000   0.100089E+001
      6.7800    0.100000E-001  -0.100000E-001   0.500453E+000   0.500513E+000   0.100097E+001
      6.7900    0.100000E-001  -0.100000E-001   0.500493E+000   0.500553E+000   0.100105E+001
      6.8000    0.100000E-001  -0.100000E-001   0.500533E+000   0.500592E+000   0.100113E+001
      6.8100    0.100000E-001  -0.100000E-001   0.500572E+000   0.500632E+000   0.100120E+001
      6.8200    0.100000E-001  -0.100000E-001   0.500612E+000   0.500671E+000   0.100128E+001
      6.8300    0.100000E-001  -0.100000E-001   0.500651E+000   0.500711E+000   0.100136E+001
      6.8400    0.100000E-001  -0.100000E-001   0.500690E+000   0.500750E+000   0.100144E+001
      6.8500    0.100000E-001  -0.100000E-001   0.500729E+000   0.500789E+000   0.100152E+001
      6.8600    0.100000E-001  -0.100000E-001   0.500768E+000   0.500827E+000   0.100160E+001
      6.8700    0.100000E-001  -0.100000E-001   0.500806E+000   0.500866E+000   0.100167E+001
      6.8800    0.100000E-001  -0.100000E-001   0.500845E+000   0.500904E+000   0.100175E+001
      6.8900    0.100000E-001  -0.100000E-001   0.500883E+000   0.500942E+000   0.100183E+001
      6.9000    0.100000E-001  -0.100000E-001   0.500921E+000   0.500980E+000   0.100190E+001
      6.9100    0.100000E-001  -0.100000E-001   0.500959E+000   0.501018E+000   0.100198E+001
      6.9200    0.100000E-001  -0.100000E-001   0.500996E+000   0.501056E+000   0.100205E+001
      6.9300    0.100000E-001  -0.100000E-001   0.501034E+000   0.501093E+000   0.100213E+001
      6.9400    0.100000E-001  -0.100000E-001   0.501071E+000   0.501131E+000   0.100220E+001
      6.9500    0.100000E-001  -0.100000E-001   0.501108E+000   0.501168E+000   0.100228E+001
      6.9600    0.100000E-001  -0.100000E-001   0.501145E+000   0.501205E+000   0.100235E+001
      6.9700    0.100000E-001  -0.100000E-001   0.501182E+000   0.501241E+000   0.100242E+001
      6.9800    0.100000E-001  -0.100000E-001   0.501218E+000   0.501278E+000   0.100250E+001
      6.9900    0.100000E-001  -0.100000E-001   0.501254E+000   0.501314E+000   0.100257E+001
      7.0000    0.100000E-001  -0.100000E-001   0.501290E+000   0.501350E+000   0.100264E+001
      7.0100    0.100000E-001  -0.100000E-001   0.501326E+000   0.501386E+000   0.100271E+001
      7.0200    0.100000E-001  -0.100000E-001   0.501362E+000   0.501421E+000   0.100278E+001
      7.0300    0.100000E-001  -0.100000E-001   0.501397E+000   0.501457E+000   0.100285E+001
      7.0400    0.100000E-001  -0.100000E-001   0.501432E+000   0.501492E+000   0.100292E+001
      7.0500    0.100000E-001  -0.100000E-001   0.501467E+000   0.501527E+000   0.100299E+001
      7.0600    0.100000E-001  -0.100000E-001   0.501502E+000   0.501561E+000   0.100306E+001
      7.0700    0.100000E-001  -0.100000E-001   0.501536E+000   0.501596E+000   0.100313E+001
      7.0800    0.100000E-001  -0.100000E-001   0.501570E+000   0.501630E+000   0.100320E+001
      7.0900    0.100000E-001  -0.100000E-001   0.501604E+000   0.501664E+000   0.100327E+001
      7.1000    0.100000E-001  -0.100000E-001   0.501638E+000   0.501698E+000   0.100334E+001
      7.1100    0.100000E-001  -0.100000E-001   0.501672E+000   0.501731E+000   0.100340E+001
      7.1200    0.100000E-001  -0.100000E-001   0.501705E+000   0.501764E+000   0.100347E+001
      7.1300    0.100000E-001  -0.100000E-001   0.501738E+000   0.501797E+000   0.100353E+001
      7.1400    0.100000E-001  -0.100000E-001   0.501770E+000   0.501830E+000   0.100360E+001
      7.1500    0.100000E-001  -0.100000E-001   0.501803E+000   0.501862E+000   0.100367E+001
      7.1600    0.100000E-001  -0.100000E-001   0.501835E+000   0.501895E+000   0.100373E+001
      7.1700    0.100000E-001  -0.100000E-001   0.501867E+000   0.501927E+000   0.100379E+001
      7.1800    0.100000E-001  -0.100000E-001   0.501899E+000   0.501958E+000   0.100386E+001
      7.1900    0.100000E-001  -0.100000E-001   0.501930E+000   0.501990E+000   0.100392E+001
      7.2000    0.100000E-001  -0.100000E-001   0.501961E+000   0.502021E+000   0.100398E+001
      7.2100    0.100000E-001  -0.100000E-001   0.501992E+000   0.502052E+000   0.100404E+001
      7.2200    0.100000E-001  -0.100000E-001   0.502023E+000   0.502082E+000   0.100411E+001
      7.2300    0.100000E-001  -0.100000E-001   0.502053E+000   0.502113E+000   0.100417E+001
      7.2400    0.100000E-001  -0.100000E-001   0.502083E+000   0.502143E+000   0.100423E+001
      7.2500    0.100000E-001  -0.100000E-001   0.502113E+000   0.502172E+000   0.100429E+001
      7.2600    0.100000E-001  -0.100000E-001   0.502142E+000   0.502202E+000   0.100434E+001
      7.2700    0.100000E-001  -0.100000E-001   0.502172E+000   0.502231E+000   0.100440E+001
      7.2800    0.100000E-001  -0.100000E-001   0.502201E+000   0.502260E+000   0.100446E+001
      7.2900    0.100000E-001  -0.100000E-001   0.502229E+000   0.502289E+000   0.100452E+001
      7.3000    0.100000E-001  -0.100000E-001   0.502258E+000   0.502317E+000   0.100457E+001
      7.3100    0.100000E-001  -0.100000E-001   0.502286E+000   0.502345E+000   0.100463E+001
      7.3200    0.100000E-001  -0.100000E-001   0.502314E+000   0.502373E+000   0.100469E+001
      7.3300    0.100000E-001  -0.100000E-001   0.502341E+000   0.502401E+000   0.100474E+001
      7.3400    0.100000E-001  -0.100000E-001   0.502368E+000   0.502428E+000   0.100480E+001
      7.3500    0.100000E-001  -0.100000E-001   0.502395E+000   0.502455E+000   0.100485E+001
      7.3600    0.100000E-001  -0.100000E-001   0.502422E+000   0.502481E+000   0.100490E+001
      7.3700    0.100000E-001  -0.100000E-001   0.502448E+000   0.502508E+000   0.100496E+001
      7.3800    0.100000E-001  -0.100000E-001   0.502474E+000   0.502534E+000   0.100501E+001
      7.3900    0.100000E-001  -0.100000E-001   0.502500E+000   0.502559E+000   0.100506E+001
      7.4000    0.100000E-001  -0.100000E-001   0.502525E+000   0.502585E+000   0.100511E+001
      7.4100    0.100000E-001  -0.100000E-001   0.502550E+000   0.502610E+000   0.100516E+001
      7.4200    0.100000E-001  -0.100000E-001   0.502575E+000   0.502635E+000   0.100521E+001
      7.4300    0.100000E-001  -0.100000E-001   0.502600E+000   0.502659E+000   0.100526E+001
      7.4400    0.100000E-001  -0.100000E-001   0.502624E+000   0.502683E+000   0.100531E+001
      7.4500    0.100000E-001  -0.100000E-001   0.502648E+000   0.502707E+000   0.100536E+001
      7.4600    0.100000E-001  -0.100000E-001   0.502671E+000   0.502731E+000   0.100540E+001
      7.4700    0.100000E-001  -0.100000E-001   0.502695E+000   0.502754E+000   0.100545E+001
      7.4800    0.100000E-001  -0.100000E-001   0.502718E+000   0.502777E+000   0.100549E+001
      7.4900    0.100000E-001  -0.100000E-001   0.502740E+000   0.502800E+000   0.100554E+001
      7.5000    0.100000E-001  -0.100000E-001   0.502763E+000   0.502822E+000   0.100558E+001
      7.5100    0.100000E-001  -0.100000E-001   0.502785E+000   0.502844E+000   0.100563E+001
      7.5200    0.100000E-001  -0.100000E-001   0.502806E+000   0.502866E+000   0.100567E+001
      7.5300    0.100000E-001  -0.100000E-001   0.502828E+000   0.502887E+000   0.100571E+001
      7.5400    0.100000E-001  -0.100000E-001   0.502849E+000   0.502908E+000   0.100576E+001
      7.5500    0.100000E-001  -0.100000E-001   0.502870E+000   0.502929E+000   0.100580E+001
      7.5600    0.100000E-001  -0.100000E-001   0.502890E+000   0.502949E+000   0.100584E+001
      7.5700    0.100000E-001  -0.100000E-001   0.502910E+000   0.502969E+000   0.100588E+001
      7.5800    0.100000E-001  -0.100000E-001   0.502930E+000   0.502989E+000   0.100592E+001
      7.5900    0.100000E-001  -0.100000E-001   0.502949E+000   0.503009E+000   0.100596E+001
      7.6000    0.100000E-001  -0.100000E-001   0.502969E+000   0.503028E+000   0.100600E+001
      7.6100    0.100000E-001  -0.100000E-001   0.502987E+000   0.503047E+000   0.100603E+001
      7.6200    0.100000E-001  -0.100000E-001   0.503006E+000   0.503065E+000   0.100607E+001
      7.6300    0.100000E-001  -0.100000E-001   0.503024E+000   0.503083E+000   0.100611E+001
      7.6400    0.100000E-001  -0.100000E-001   0.503042E+000   0.503101E+000   0.100614E+001
      7.6500    0.100000E-001  -0.100000E-001   0.503059E+000   0.503119E+000   0.100618E+001
      7.6600    0.100000E-001  -0.100000E-001   0.503077E+000   0.503136E+000   0.100621E+001
      7.6700    0.100000E-001  -0.100000E-001   0.503094E+000   0.503153E+000   0.100625E+001
      7.6800    0.100000E-001  -0.100000E-001   0.503110E+000   0.503169E+000   0.100628E+001
      7.6900    0.100000E-001  -0.100000E-001   0.503126E+000   0.503186E+000   0.100631E+001
      7.7000    0.100000E-001  -0.100000E-001   0.503142E+000   0.503202E+000   0.100634E+001
      7.7100    0.100000E-001  -0.100000E-001   0.503158E+000   0.503217E+000   0.100638E+001
      7.7200    0.100000E-001  -0.100000E-001   0.503173E+000   0.503232E+000   0.100641E+001
      7.7300    0.100000E-001  -0.100000E-001   0.503188E+000   0.503247E+000   0.100644E+001
      7.7400    0.100000E-001  -0.100000E-001   0.503203E+000   0.503262E+000   0.100646E+001
      7.7500    0.100000E-001  -0.100000E-001   0.503217E+000   0.503276E+000   0.100649E+001
      7.7600    0.100000E-001  -0.100000E-001   0.503231E+000   0.503290E+000   0.100652E+001
      7.7700    0.100000E-001  -0.100000E-001   0.503245E+000   0.503304E+000   0.100655E+001
      7.7800    0.100000E-001  -0.100000E-001   0.503258E+000   0.503317E+000   0.100658E+001
      7.7900    0.100000E-001  -0.100000E-001   0.503271E+000   0.503330E+000   0.100660E+001
      7.8000    0.100000E-001  -0.100000E-001   0.503284E+000   0.503343E+000   0.100663E+001
      7.8100    0.100000E-001  -0.100000E-001   0.503296E+000   0.503355E+000   0.100665E+001
      7.8200    0.100000E-001  -0.100000E-001   0.503308E+000   0.503367E+000   0.100668E+001
      7.8300    0.100000E-001  -0.100000E-001   0.503320E+000   0.503379E+000   0.100670E+001
      7.8400    0.100000E-001  -0.100000E-001   0.503331E+000   0.503390E+000   0.100672E+001
      7.8500    0.100000E-001  -0.100000E-001   0.503342E+000   0.503401E+000   0.100674E+001
      7.8600    0.100000E-001  -0.100000E-001   0.503353E+000   0.503412E+000   0.100676E+001
      7.8700    0.100000E-001  -0.100000E-001   0.503363E+000   0.503422E+000   0.100679E+001
      7.8800    0.100000E-001  -0.100000E-001   0.503373E+000   0.503432E+000   0.100681E+001
      7.8900    0.100000E-001  -0.100000E-001   0.503383E+000   0.503442E+000   0.100683E+001
      7.9000    0.100000E-001  -0.100000E-001   0.503392E+000   0.503452E+000   0.100684E+001
      7.9100    0.100000E-001  -0.100000E-001   0.503401E+000   0.503461E+000   0.100686E+001
      7.9200    0.100000E-001  -0.100000E-001   0.503410E+000   0.503469E+000   0.100688E+001
      7.9300    0.100000E-001  -0.100000E-001   0.503419E+000   0.503478E+000   0.100690E+001
      7.9400    0.100000E-001  -0.100000E-001   0.503427E+000   0.503486E+000   0.100691E+001
      7.9500    0.100000E-001  -0.100000E-001   0.503435E+000   0.503494E+000   0.100693E+001
      7.9600    0.100000E-001  -0.100000E-001   0.503442E+000   0.503501E+000   0.100694E+001
      7.9700    0.100000E-001  -0.100000E-001   0.503449E+000   0.503508E+000   0.100696E+001
      7.9800    0.100000E-001  -0.100000E-001   0.503456E+000   0.503515E+000   0.100697E+001
      7.9900    0.100000E-001  -0.100000E-001   0.503463E+000   0.503522E+000   0.100698E+001
      8.0000    0.100000E-001  -0.100000E-001   0.503469E+000   0.503528E+000   0.100700E+001
      8.0100    0.100000E-001  -0.100000E-001   0.503475E+000   0.503534E+000   0.100701E+001
      8.0200    0.100000E-001  -0.100000E-001   0.503480E+000   0.503540E+000   0.100702E+001
      8.0300    0.100000E-001  -0.100000E-001   0.503486E+000   0.503545E+000   0.100703E+001
      8.0400    0.100000E-001  -0.100000E-001   0.503491E+000   0.503550E+000   0.100704E+001
      8.0500    0.100000E-001  -0.100000E-001   0.503495E+000   0.503554E+000   0.100705E+001
      8.0600    0.100000E-001  -0.100000E-001   0.503500E+000   0.503559E+000   0.100706E+001
      8.0700    0.100000E-001  -0.100000E-001   0.503504E+000   0.503563E+000   0.100707E+001
      8.0800    0.100000E-001  -0.100000E-001   0.503507E+000   0.503567E+000   0.100707E+001
      8.0900    0.100000E-001  -0.100000E-001   0.503511E+000   0.503570E+000   0.100708E+001
      8.1000    0.100000E-001  -0.100000E-001   0.503514E+000   0.503573E+000   0.100709E+001
      8.1100    0.100000E-001  -0.100000E-001   0.503517E+000   0.503576E+000   0.100709E+001
      8.1200    0.100000E-001  -0.100000E-001   0.503519E+000   0.503578E+000   0.100710E+001
      8.1300    0.100000E-001  -0.100000E-001   0.503522E+000   0.503581E+000   0.100710E+001
      8.1400    0.100000E-001  -0.100000E-001   0.503523E+000   0.503582E+000   0.100711E+001
      8.1500    0.100000E-001  -0.100000E-001   0.503525E+000   0.503584E+000   0.100711E+001
      8.1600    0.100000E-001  -0.100000E-001   0.503526E+000   0.503585E+000   0.100711E+001
      8.1700    0.100000E-001  -0.100000E-001   0.503527E+000   0.503586E+000   0.100711E+001
      8.1800    0.100000E-001  -0.100000E-001   0.503528E+000   0.503587E+000   0.100712E+001
      8.1900    0.100000E-001  -0.100000E-001   0.503528E+000   0.503587E+000   0.100712E+001
      8.2000    0.100000E-001  -0.100000E-001   0.503528E+000   0.503588E+000   0.100712E+001
      8.2100    0.100000E-001  -0.100000E-001   0.503528E+000   0.503587E+000   0.100712E+001
      8.2200    0.100000E-001  -0.100000E-001   0.503528E+000   0.503587E+000   0.100711E+001
      8.2300    0.100000E-001  -0.100000E-001   0.503527E+000   0.503586E+000   0.100711E+001
      8.2400    0.100000E-001  -0.100000E-001   0.503526E+000   0.503585E+000   0.100711E+001
      8.2500    0.100000E-001  -0.100000E-001   0.503525E+000   0.503584E+000   0.100711E+001
      8.2600    0.100000E-001  -0.100000E-001   0.503523E+000   0.503582E+000   0.100711E+001
      8.2700    0.100000E-001  -0.100000E-001   0.503521E+000   0.503580E+000   0.100710E+001
      8.2800    0.100000E-001  -0.100000E-001   0.503519E+000   0.503578E+000   0.100710E+001
      8.2900    0.100000E-001  -0.100000E-001   0.503516E+000   0.503575E+000   0.100709E+001
      8.3000    0.100000E-001  -0.100000E-001   0.503514E+000   0.503573E+000   0.100709E+001
      8.3100    0.100000E-001  -0.100000E-001   0.503511E+000   0.503570E+000   0.100708E+001
      8.3200    0.100000E-001  -0.100000E-001   0.503507E+000   0.503566E+000   0.100707E+001
      8.3300    0.100000E-001  -0.100000E-001   0.503504E+000   0.503563E+000   0.100707E+001
      8.3400    0.100000E-001  -0.100000E-001   0.503500E+000   0.503559E+000   0.100706E+001
      8.3500    0.100000E-001  -0.100000E-001   0.503496E+000   0.503555E+000   0.100705E+001
      8.3600    0.100000E-001  -0.100000E-001   0.503491E+000   0.503550E+000   0.100704E+001
      8.3700    0.100000E-001  -0.100000E-001   0.503486E+000   0.503545E+000   0.100703E+001
      8.3800    0.100000E-001  -0.100000E-001   0.503481E+000   0.503540E+000   0.100702E+001
      8.3900    0.100000E-001  -0.100000E-001   0.503476E+000   0.503535E+000   0.100701E+001
      8.4000    0.100000E-001  -0.100000E-001   0.503471E+000   0.503530E+000   0.100700E+001
      8.4100    0.100000E-001  -0.100000E-001   0.503465E+000   0.503524E+000   0.100699E+001
      8.4200    0.100000E-001  -0.100000E-001   0.503459E+000   0.503518E+000   0.100698E+001
      8.4300    0.100000E-001  -0.100000E-001   0.503453E+000   0.503512E+000   0.100696E+001
      8.4400    0.100000E-001  -0.100000E-001   0.503446E+000   0.503505E+000   0.100695E+001
      8.4500    0.100000E-001  -0.100000E-001   0.503439E+000   0.503498E+000   0.100694E+001
      8.4600    0.100000E-001  -0.100000E-001   0.503432E+000   0.503491E+000   0.100692E+001
      8.4700    0.100000E-001  -0.100000E-001   0.503425E+000   0.503484E+000   0.100691E+001
      8.4800    0.100000E-001  -0.100000E-001   0.503417E+000   0.503476E+000   0.100689E+001
      8.4900    0.100000E-001  -0.100000E-001   0.503410E+000   0.503469E+000   0.100688E+001
      8.5000    0.100000E-001  -0.100000E-001   0.503402E+000   0.503461E+000   0.100686E+001
      8.5100    0.100000E-001  -0.100000E-001   0.503393E+000   0.503452E+000   0.100685E+001
      8.5200    0.100000E-001  -0.100000E-001   0.503385E+000   0.503444E+000   0.100683E+001
      8.5300    0.100000E-001  -0.100000E-001   0.503376E+000   0.503435E+000   0.100681E+001
      8.5400    0.100000E-001  -0.100000E-001   0.503367E+000   0.503426E+000   0.100679E+001
      8.5500    0.100000E-001  -0.100000E-001   0.503358E+000   0.503417E+000   0.100677E+001
      8.5600    0.100000E-001  -0.100000E-001   0.503348E+000   0.503407E+000   0.100676E+001
      8.5700    0.100000E-001  -0.100000E-001   0.503339E+000   0.503397E+000   0.100674E+001
      8.5800    0.100000E-001  -0.100000E-001   0.503329E+000   0.503388E+000   0.100672E+001
      8.5900    0.100000E-001  -0.100000E-001   0.503318E+000   0.503377E+000   0.100670E+001
      8.6000    0.100000E-001  -0.100000E-001   0.503308E+000   0.503367E+000   0.100667E+001
      8.6100    0.100000E-001  -0.100000E-001   0.503297E+000   0.503356E+000   0.100665E+001
      8.6200    0.100000E-001  -0.100000E-001   0.503287E+000   0.503345E+000   0.100663E+001
      8.6300    0.100000E-001  -0.100000E-001   0.503275E+000   0.503334E+000   0.100661E+001
      8.6400    0.100000E-001  -0.100000E-001   0.503264E+000   0.503323E+000   0.100659E+001
      8.6500    0.100000E-001  -0.100000E-001   0.503253E+000   0.503312E+000   0.100656E+001
      8.6600    0.100000E-001  -0.100000E-001   0.503241E+000   0.503300E+000   0.100654E+001
      8.6700    0.100000E-001  -0.100000E-001   0.503229E+000   0.503288E+000   0.100652E+001
      8.6800    0.100000E-001  -0.100000E-001   0.503217E+000   0.503276E+000   0.100649E+001
      8.6900    0.100000E-001  -0.100000E-001   0.503205E+000   0.503263E+000   0.100647E+001
      8.7000    0.100000E-001  -0.100000E-001   0.503192E+000   0.503251E+000   0.100644E+001
      8.7100    0.100000E-001  -0.100000E-001   0.503179E+000   0.503238E+000   0.100642E+001
      8.7200    0.100000E-001  -0.100000E-001   0.503166E+000   0.503225E+000   0.100639E+001
      8.7300    0.100000E-001  -0.100000E-001   0.503153E+000   0.503212E+000   0.100637E+001
      8.7400    0.100000E-001  -0.100000E-001   0.503140E+000   0.503199E+000   0.100634E+001
      8.7500    0.100000E-001  -0.100000E-001   0.503126E+000   0.503185E+000   0.100631E+001
      8.7600    0.100000E-001  -0.100000E-001   0.503112E+000   0.503171E+000   0.100628E+001
      8.7700    0.100000E-001  -0.100000E-001   0.503099E+000   0.503157E+000   0.100626E+001
      8.7800    0.100000E-001  -0.100000E-001   0.503084E+000   0.503143E+000   0.100623E+001
      8.7900    0.100000E-001  -0.100000E-001   0.503070E+000   0.503129E+000   0.100620E+001
      8.8000    0.100000E-001  -0.100000E-001   0.503056E+000   0.503114E+000   0.100617E+001
      8.8100    0.100000E-001  -0.100000E-001   0.503041E+000   0.503100E+000   0.100614E+001
      8.8200    0.100000E-001  -0.100000E-001   0.503026E+000   0.503085E+000   0.100611E+001
      8.8300    0.100000E-001  -0.100000E-001   0.503011E+000   0.503070E+000   0.100608E+001
      8.8400    0.100000E-001  -0.100000E-001   0.502996E+000   0.503055E+000   0.100605E+001
      8.8500    0.100000E-001  -0.100000E-001   0.502980E+000   0.503039E+000   0.100602E+001
      8.8600    0.100000E-001  -0.100000E-001   0.502965E+000   0.503024E+000   0.100599E+001
      8.8700    0.100000E-001  -0.100000E-001   0.502949E+000   0.503008E+000   0.100596E+001
      8.8800    0.100000E-001  -0.100000E-001   0.502933E+000   0.502992E+000   0.100593E+001
      8.8900    0.100000E-001  -0.100000E-001   0.502917E+000   0.502976E+000   0.100589E+001
      8.9000    0.100000E-001  -0.100000E-001   0.502901E+000   0.502960E+000   0.100586E+001
      8.9100    0.100000E-001  -0.100000E-001   0.502885E+000   0.502944E+000   0.100583E+001
      8.9200    0.100000E-001  -0.100000E-001   0.502868E+000   0.502927E+000   0.100580E+001
      8.9300    0.100000E-001  -0.100000E-001   0.502852E+000   0.502910E+000   0.100576E+001
      8.9400    0.100000E-001  -0.100000E-001   0.502835E+000   0.502894E+000   0.100573E+001
      8.9500    0.100000E-001  -0.100000E-001   0.502818E+000   0.502877E+000   0.100569E+001
      8.9600    0.100000E-001  -0.100000E-001   0.502801E+000   0.502860E+000   0.100566E+001
      8.9700    0.100000E-001  -0.100000E-001   0.502783E+000   0.502842E+000   0.100563E+001
      8.9800    0.100000E-001  -0.100000E-001   0.502766E+000   0.502825E+000   0.100559E+001
      8.9900    0.100000E-001  -0.100000E-001   0.502748E+000   0.502807E+000   0.100556E+001
      9.0000    0.100000E-001  -0.100000E-001   0.502731E+000   0.502790E+000   0.100552E+001
      9.0100    0.100000E-001  -0.100000E-001   0.502713E+000   0.502772E+000   0.100548E+001
      9.0200    0.100000E-001  -0.100000E-001   0.502695E+000   0.502754E+000   0.100545E+001
      9.0300    0.100000E-001  -0.100000E-001   0.502677E+000   0.502736E+000   0.100541E+001
      9.0400    0.100000E-001  -0.100000E-001   0.502659E+000   0.502718E+000   0.100538E+001
      9.0500    0.100000E-001  -0.100000E-001   0.502640E+000   0.502699E+000   0.100534E+001
      9.0600    0.100000E-001  -0.100000E-001   0.502622E+000   0.502681E+000   0.100530E+001
      9.0700    0.100000E-001  -0.100000E-001   0.502603E+000   0.502662E+000   0.100527E+001
      9.0800    0.100000E-001  -0.100000E-001   0.502585E+000   0.502644E+000   0.100523E+001
      9.0900    0.100000E-001  -0.100000E-001   0.502566E+000   0.502625E+000   0.100519E+001
      9.1000    0.100000E-001  -0.100000E-001   0.502547E+000   0.502606E+000   0.100515E+001
      9.1100    0.100000E-001  -0.100000E-001   0.502528E+000   0.502587E+000   0.100511E+001
      9.1200    0.100000E-001  -0.100000E-001   0.502509E+000   0.502568E+000   0.100508E+001
      9.1300    0.100000E-001  -0.100000E-001   0.502490E+000   0.502548E+000   0.100504E+001
      9.1400    0.100000E-001  -0.100000E-001   0.502470E+000   0.502529E+000   0.100500E+001
      9.1500    0.100000E-001  -0.100000E-001   0.502451E+000   0.502510E+000   0.100496E+001
      9.1600    0.100000E-001  -0.100000E-001   0.502431E+000   0.502490E+000   0.100492E+001
      9.1700    0.100000E-001  -0.100000E-001   0.502412E+000   0.502470E+000   0.100488E+001
      9.1800    0.100000E-001  -0.100000E-001   0.502392E+000   0.502451E+000   0.100484E+001
      9.1900    0.100000E-001  -0.100000E-001   0.502372E+000   0.502431E+000   0.100480E+001
      9.2000    0.100000E-001  -0.100000E-001   0.502352E+000   0.502411E+000   0.100476E+001
      9.2100    0.100000E-001  -0.100000E-001   0.502332E+000   0.502391E+000   0.100472E+001
      9.2200    0.100000E-001  -0.100000E-001   0.502312E+000   0.502371E+000   0.100468E+001
      9.2300    0.100000E-001  -0.100000E-001   0.502292E+000   0.502351E+000   0.100464E+001
      9.2400    0.100000E-001  -0.100000E-001   0.502271E+000   0.502330E+000   0.100460E+001
      9.2500    0.100000E-001  -0.100000E-001   0.502251E+000   0.502310E+000   0.100456E+001
      9.2600    0.100000E-001  -0.100000E-001   0.502231E+000   0.502290E+000   0.100452E+001
      9.2700    0.100000E-001  -0.100000E-001   0.502210E+000   0.502269E+000   0.100448E+001
      9.2800    0.100000E-001  -0.100000E-001   0.502190E+000   0.502248E+000   0.100444E+001
      9.2900    0.100000E-001  -0.100000E-001   0.502169E+000   0.502228E+000   0.100440E+001
      9.3000    0.100000E-001  -0.100000E-001   0.502148E+000   0.502207E+000   0.100436E+001
      9.3100    0.100000E-001  -0.100000E-001   0.502128E+000   0.502186E+000   0.100431E+001
      9.3200    0.100000E-001  -0.100000E-001   0.502107E+000   0.502166E+000   0.100427E+001
      9.3300    0.100000E-001  -0.100000E-001   0.502086E+000   0.502145E+000   0.100423E+001
      9.3400    0.100000E-001  -0.100000E-001   0.502065E+000   0.502124E+000   0.100419E+001
      9.3500    0.100000E-001  -0.100000E-001   0.502044E+000   0.502103E+000   0.100415E+001
      9.3600    0.100000E-001  -0.100000E-001   0.502023E+000   0.502082E+000   0.100410E+001
      9.3700    0.100000E-001  -0.100000E-001   0.502002E+000   0.502061E+000   0.100406E+001
      9.3800    0.100000E-001  -0.100000E-001   0.501981E+000   0.502039E+000   0.100402E+001
      9.3900    0.100000E-001  -0.100000E-001   0.501959E+000   0.502018E+000   0.100398E+001
      9.4000    0.100000E-001  -0.100000E-001   0.501938E+000   0.501997E+000   0.100394E+001
      9.4100    0.100000E-001  -0.100000E-001   0.501917E+000   0.501976E+000   0.100389E+001
      9.4200    0.100000E-001  -0.100000E-001   0.501895E+000   0.501954E+000   0.100385E+001
      9.4300    0.100000E-001  -0.100000E-001   0.501874E+000   0.501933E+000   0.100381E+001
      9.4400    0.100000E-001  -0.100000E-001   0.501853E+000   0.501912E+000   0.100376E+001
      9.4500    0.100000E-001  -0.100000E-001   0.501831E+000   0.501890E+000   0.100372E+001
      9.4600    0.100000E-001  -0.100000E-001   0.501810E+000   0.501869E+000   0.100368E+001
      9.4700    0.100000E-001  -0.100000E-001   0.501788E+000   0.501847E+000   0.100364E+001
      9.4800    0.100000E-001  -0.100000E-001   0.501767E+000   0.501826E+000   0.100359E+001
      9.4900    0.100000E-001  -0.100000E-001   0.501745E+000   0.501804E+000   0.100355E+001
      9.5000    0.100000E-001  -0.100000E-001   0.501724E+000   0.501783E+000   0.100351E+001
      9.5100    0.100000E-001  -0.100000E-001   0.501702E+000   0.501761E+000   0.100346E+001
      9.5200    0.100000E-001  -0.100000E-001   0.501681E+000   0.501739E+000   0.100342E+001
      9.5300    0.100000E-001  -0.100000E-001   0.501659E+000   0.501718E+000   0.100338E+001
      9.5400    0.100000E-001  -0.100000E-001   0.501637E+000   0.501696E+000   0.100333E+001
      9.5500    0.100000E-001  -0.100000E-001   0.501616E+000   0.501675E+000   0.100329E+001
      9.5600    0.100000E-001  -0.100000E-001   0.501594E+000   0.501653E+000   0.100325E+001
      9.5700    0.100000E-001  -0.100000E-001   0.501572E+000   0.501631E+000   0.100320E+001
      9.5800    0.100000E-001  -0.100000E-001   0.501551E+000   0.501610E+000   0.100316E+001
      9.5900    0.100000E-001  -0.100000E-001   0.501529E+000   0.501588E+000   0.100312E+001
      9.6000    0.100000E-001  -0.100000E-001   0.501507E+000   0.501566E+000   0.100307E+001
      9.6100    0.100000E-001  -0.100000E-001   0.501486E+000   0.501545E+000   0.100303E+001
      9.6200    0.100000E-001  -0.100000E-001   0.501464E+000   0.501523E+000   0.100299E+001
      9.6300    0.100000E-001  -0.100000E-001   0.501442E+000   0.501501E+000   0.100294E+001
      9.6400    0.100000E-001  -0.100000E-001   0.501421E+000   0.501480E+000   0.100290E+001
      9.6500    0.100000E-001  -0.100000E-001   0.501399E+000   0.501458E+000   0.100286E+001
      9.6600    0.100000E-001  -0.100000E-001   0.501377E+000   0.501436E+000   0.100281E+001
      9.6700    0.100000E-001  -0.100000E-001   0.501356E+000   0.501415E+000   0.100277E+001
      9.6800    0.100000E-001  -0.100000E-001   0.501334E+000   0.501393E+000   0.100273E+001
      9.6900    0.100000E-001  -0.100000E-001   0.501313E+000   0.501372E+000   0.100268E+001
      9.7000    0.100000E-001  -0.100000E-001   0.501291E+000   0.501350E+000   0.100264E+001
      9.7100    0.100000E-001  -0.100000E-001   0.501270E+000   0.501329E+000   0.100260E+001
      9.7200    0.100000E-001  -0.100000E-001   0.501248E+000   0.501307E+000   0.100256E+001
      9.7300    0.100000E-001  -0.100000E-001   0.501227E+000   0.501286E+000   0.100251E+001
      9.7400    0.100000E-001  -0.100000E-001   0.501205E+000   0.501264E+000   0.100247E+001
      9.7500    0.100000E-001  -0.100000E-001   0.501184E+000   0.501243E+000   0.100243E+001
      9.7600    0.100000E-001  -0.100000E-001   0.501162E+000   0.501221E+000   0.100238E+001
      9.7700    0.100000E-001  -0.100000E-001   0.501141E+000   0.501200E+000   0.100234E+001
      9.7800    0.100000E-001  -0.100000E-001   0.501120E+000   0.501179E+000   0.100230E+001
      9.7900    0.100000E-001  -0.100000E-001   0.501098E+000   0.501157E+000   0.100226E+001
      9.8000    0.100000E-001  -0.100000E-001   0.501077E+000   0.501136E+000   0.100221E+001
      9.8100    0.100000E-001  -0.100000E-001   0.501056E+000   0.501115E+000   0.100217E+001
      9.8200    0.100000E-001  -0.100000E-001   0.501035E+000   0.501094E+000   0.100213E+001
      9.8300    0.100000E-001  -0.100000E-001   0.501014E+000   0.501073E+000   0.100209E+001
      9.8400    0.100000E-001  -0.100000E-001   0.500992E+000   0.501052E+000   0.100204E+001
      9.8500    0.100000E-001  -0.100000E-001   0.500971E+000   0.501030E+000   0.100200E+001
      9.8600    0.100000E-001  -0.100000E-001   0.500950E+000   0.501010E+000   0.100196E+001
      9.8700    0.100000E-001  -0.100000E-001   0.500930E+000   0.500989E+000   0.100192E+001
      9.8800    0.100000E-001  -0.100000E-001   0.500909E+000   0.500968E+000   0.100188E+001
      9.8900    0.100000E-001  -0.100000E-001   0.500888E+000   0.500947E+000   0.100183E+001
      9.9000    0.100000E-001  -0.100000E-001   0.500867E+000   0.500926E+000   0.100179E+001
      9.9100    0.100000E-001  -0.100000E-001   0.500846E+000   0.500905E+000   0.100175E+001
      9.9200    0.100000E-001  -0.100000E-001   0.500826E+000   0.500885E+000   0.100171E+001
      9.9300    0.100000E-001  -0.100000E-001   0.500805E+000   0.500864E+000   0.100167E+001
      9.9400    0.100000E-001  -0.100000E-001   0.500785E+000   0.500844E+000   0.100163E+001
      9.9500    0.100000E-001  -0.100000E-001   0.500764E+000   0.500823E+000   0.100159E+001
      9.9600    0.100000E-001  -0.100000E-001   0.500744E+000   0.500803E+000   0.100155E+001
      9.9700    0.100000E-001  -0.100000E-001   0.500723E+000   0.500783E+000   0.100151E+001
      9.9800    0.100000E-001  -0.100000E-001   0.500703E+000   0.500762E+000   0.100147E+001
      9.9900    0.100000E-001  -0.100000E-001   0.500683E+000   0.500742E+000   0.100143E+001
     10.0000    0.100000E-001  -0.100000E-001   0.500663E+000   0.500722E+000   0.100138E+001
