      0.0000    0.000000E+000   0.000000E+000  -0.972101E-006
      0.0100    0.000000E+000   0.000000E+000  -0.194205E-005
      0.0200    0.000000E+000   0.000000E+000  -0.290603E-005
      0.0300    0.000000E+000   0.000000E+000  -0.386194E-005
      0.0400    0.000000E+000   0.000000E+000  -0.480806E-005
      0.0500    0.000000E+000   0.000000E+000  -0.574301E-005
      0.0600    0.000000E+000   0.000000E+000  -0.666562E-005
      0.0700    0.000000E+000   0.000000E+000  -0.757493E-005
      0.0800    0.000000E+000   0.000000E+000  -0.847014E-005
      0.0900    0.000000E+000   0.000000E+000  -0.935058E-005
      0.1000    0.000000E+000   0.000000E+000  -0.102157E-004
      0.1100    0.000000E+000   0.000000E+000  -0.110650E-004
      0.1200    0.000000E+000   0.000000E+000  -0.118981E-004
      0.1300    0.000000E+000   0.000000E+000  -0.127148E-004
      0.1400    0.000000E+000   0.000000E+000  -0.135147E-004
      0.1500    0.000000E+000   0.000000E+000  -0.142978E-004
      0.1600    0.000000E+000   0.000000E+000  -0.150638E-004
      0.1700    0.000000E+000   0.000000E+000  -0.158127E-004
      0.1800    0.000000E+000   0.000000E+000  -0.165444E-004
      0.1900    0.000000E+000   0.000000E+000  -0.172590E-004
      0.2000    0.000000E+000   0.000000E+000  -0.179565E-004
      0.2100    0.000000E+000   0.000000E+000  -0.186368E-004
      0.2200    0.000000E+000   0.000000E+000  -0.193002E-004
      0.2300    0.000000E+000   0.000000E+000  -0.199468E-004
      0.2400    0.000000E+000   0.000000E+000  -0.205765E-004
      0.2500    0.000000E+000   0.000000E+000  -0.211897E-004
      0.2600    0.000000E+000   0.000000E+000  -0.217864E-004
      0.2700    0.000000E+000   0.000000E+000  -0.223668E-004
      0.2800    0.000000E+000   0.000000E+000  -0.229312E-004
      0.2900    0.000000E+000   0.000000E+000  -0.234796E-004
      0.3000    0.000000E+000   0.000000E+000  -0.240125E-004
      0.3100    0.000000E+000   0.000000E+000  -0.245298E-004
      0.3200    0.000000E+000   0.000000E+000  -0.250320E-004
      0.3300    0.000000E+000   0.000000E+000  -0.255192E-004
      0.3400    0.000000E+000   0.000000E+000  -0.259916E-004
      0.3500    0.000000E+000   0.000000E+000  -0.264495E-004
      0.3600    0.000000E+000   0.000000E+000  -0.268932E-004
      0.3700    0.000000E+000   0.000000E+000  -0.273228E-004
      0.3800    0.000000E+000   0.000000E+000  -0.277388E-004
      0.3900    0.000000E+000   0.000000E+000  -0.281412E-004
      0.4000    0.000000E+000   0.000000E+000  -0.285303E-004
      0.4100    0.000000E+000   0.000000E+000  -0.289065E-004
      0.4200    0.000000E+000   0.000000E+000  -0.292699E-004
      0.4300    0.000000E+000   0.000000E+000  -0.296208E-004
      0.4400    0.000000E+000   0.000000E+000  -0.299595E-004
      0.4500    0.000000E+000   0.000000E+000  -0.302862E-004
      0.4600    0.000000E+000   0.000000E+000  -0.306012E-004
      0.4700    0.000000E+000   0.000000E+000  -0.309047E-004
      0.4800    0.000000E+000   0.000000E+000  -0.311969E-004
      0.4900    0.000000E+000   0.000000E+000  -0.314781E-004
      0.5000    0.000000E+000   0.000000E+000  -0.317486E-004
      0.5100    0.000000E+000   0.000000E+000  -0.320086E-004
      0.5200    0.000000E+000   0.000000E+000  -0.322583E-004
      0.5300    0.000000E+000   0.000000E+000  -0.324979E-004
      0.5400    0.000000E+000   0.000000E+000  -0.327277E-004
      0.5500    0.000000E+000   0.000000E+000  -0.329480E-004
      0.5600    0.000000E+000   0.000000E+000  -0.331589E-004
      0.5700    0.000000E+000   0.000000E+000  -0.333606E-004
      0.5800    0.000000E+000   0.000000E+000  -0.335534E-004
      0.5900    0.000000E+000   0.000000E+000  -0.337375E-004
      0.6000    0.000000E+000   0.000000E+000  -0.339131E-004
      0.6100    0.000000E+000   0.000000E+000  -0.340803E-004
      0.6200    0.000000E+000   0.000000E+000  -0.342395E-004
      0.6300    0.000000E+000   0.000000E+000  -0.343909E-004
      0.6400    0.000000E+000   0.000000E+000  -0.345345E-004
      0.6500    0.000000E+000   0.000000E+000  -0.346706E-004
      0.6600    0.000000E+000   0.000000E+000  -0.347994E-004
      0.6700    0.000000E+000   0.000000E+000  -0.349211E-004
      0.6800    0.000000E+000   0.000000E+000  -0.350358E-004
      0.6900    0.000000E+000   0.000000E+000  -0.351438E-004
      0.7000    0.000000E+000   0.000000E+000  -0.352452E-004
      0.7100    0.000000E+000   0.000000E+000  -0.353402E-004
      0.7200    0.000000E+000   0.000000E+000  -0.354290E-004
      0.7300    0.000000E+000   0.000000E+000  -0.355116E-004
      0.7400    0.000000E+000   0.000000E+000  -0.355884E-004
      0.7500    0.000000E+000   0.000000E+000  -0.356594E-004
      0.7600    0.000000E+000   0.000000E+000  -0.357247E-004
      0.7700    0.000000E+000   0.000000E+000  -0.357847E-004
      0.7800    0.000000E+000   0.000000E+000  -0.358393E-004
      0.7900    0.000000E+000   0.000000E+000  -0.358888E-004
      0.8000    0.000000E+000   0.000000E+000  -0.359333E-004
      0.8100    0.000000E+000   0.000000E+000  -0.359728E-004
      0.8200    0.000000E+000   0.000000E+000  -0.360077E-004
      0.8300    0.000000E+000   0.000000E+000  -0.360379E-004
      0.8400    0.000000E+000   0.000000E+000  -0.360637E-004
      0.8500    0.000000E+000   0.000000E+000  -0.360851E-004
      0.8600    0.000000E+000   0.000000E+000  -0.361023E-004
      0.8700    0.000000E+000   0.000000E+000  -0.361154E-004
      0.8800    0.000000E+000   0.000000E+000  -0.361245E-004
      0.8900    0.000000E+000   0.000000E+000  -0.361298E-004
      0.9000    0.000000E+000   0.000000E+000  -0.361313E-004
      0.9100    0.000000E+000   0.000000E+000  -0.361291E-004
      0.9200    0.000000E+000   0.000000E+000  -0.361235E-004
      0.9300    0.000000E+000   0.000000E+000  -0.361144E-004
      0.9400    0.000000E+000   0.000000E+000  -0.361019E-004
      0.9500    0.000000E+000   0.000000E+000  -0.360862E-004
      0.9600    0.000000E+000   0.000000E+000  -0.360675E-004
      0.9700    0.000000E+000   0.000000E+000  -0.360456E-004
      0.9800    0.000000E+000   0.000000E+000  -0.360209E-004
      0.9900    0.000000E+000   0.000000E+000  -0.359933E-004
      1.0000    0.000000E+000   0.000000E+000  -0.359629E-004
      1.0100    0.000000E+000   0.000000E+000  -0.359298E-004
      1.0200    0.000000E+000   0.000000E+000  -0.358942E-004
      1.0300    0.000000E+000   0.000000E+000  -0.358561E-004
      1.0400    0.000000E+000   0.000000E+000  -0.358155E-004
      1.0500    0.000000E+000   0.000000E+000  -0.357727E-004
      1.0600    0.000000E+000   0.000000E+000  -0.357275E-004
      1.0700    0.000000E+000   0.000000E+000  -0.356802E-004
      1.0800    0.000000E+000   0.000000E+000  -0.356308E-004
      1.0900    0.000000E+000   0.000000E+000  -0.355794E-004
      1.1000    0.000000E+000   0.000000E+000  -0.355261E-004
      1.1100    0.000000E+000   0.000000E+000  -0.354708E-004
      1.1200    0.000000E+000   0.000000E+000  -0.354138E-004
      1.1300    0.000000E+000   0.000000E+000  -0.353551E-004
      1.1400    0.000000E+000   0.000000E+000  -0.352946E-004
      1.1500    0.000000E+000   0.000000E+000  -0.352326E-004
      1.1600    0.000000E+000   0.000000E+000  -0.351691E-004
      1.1700    0.000000E+000   0.000000E+000  -0.351041E-004
      1.1800    0.000000E+000   0.000000E+000  -0.350377E-004
      1.1900    0.000000E+000   0.000000E+000  -0.349700E-004
      1.2000    0.000000E+000   0.000000E+000  -0.349010E-004
      1.2100    0.000000E+000   0.000000E+000  -0.348308E-004
      1.2200    0.000000E+000   0.000000E+000  -0.347594E-004
      1.2300    0.000000E+000   0.000000E+000  -0.346869E-004
      1.2400    0.000000E+000   0.000000E+000  -0.346134E-004
      1.2500    0.000000E+000   0.000000E+000  -0.345389E-004
      1.2600    0.000000E+000   0.000000E+000  -0.344634E-004
      1.2700    0.000000E+000   0.000000E+000  -0.343871E-004
      1.2800    0.000000E+000   0.000000E+000  -0.343099E-004
      1.2900    0.000000E+000   0.000000E+000  -0.342320E-004
      1.3000    0.000000E+000   0.000000E+000  -0.341533E-004
      1.3100    0.000000E+000   0.000000E+000  -0.340740E-004
      1.3200    0.000000E+000   0.000000E+000  -0.339940E-004
      1.3300    0.000000E+000   0.000000E+000  -0.339134E-004
      1.3400    0.000000E+000   0.000000E+000  -0.338323E-004
      1.3500    0.000000E+000   0.000000E+000  -0.337507E-004
      1.3600    0.000000E+000   0.000000E+000  -0.336686E-004
      1.3700    0.000000E+000   0.000000E+000  -0.335861E-004
      1.3800    0.000000E+000   0.000000E+000  -0.335033E-004
      1.3900    0.000000E+000   0.000000E+000  -0.334201E-004
      1.4000    0.000000E+000   0.000000E+000  -0.333366E-004
      1.4100    0.000000E+000   0.000000E+000  -0.332529E-004
      1.4200    0.000000E+000   0.000000E+000  -0.331690E-004
      1.4300    0.000000E+000   0.000000E+000  -0.330849E-004
      1.4400    0.000000E+000   0.000000E+000  -0.330006E-004
      1.4500    0.000000E+000   0.000000E+000  -0.329163E-004
      1.4600    0.000000E+000   0.000000E+000  -0.328319E-004
      1.4700    0.000000E+000   0.000000E+000  -0.327475E-004
      1.4800    0.000000E+000   0.000000E+000  -0.326630E-004
      1.4900    0.000000E+000   0.000000E+000  -0.325786E-004
      1.5000    0.000000E+000   0.000000E+000  -0.324943E-004
      1.5100    0.000000E+000   0.000000E+000  -0.324100E-004
      1.5200    0.000000E+000   0.000000E+000  -0.323259E-004
      1.5300    0.000000E+000   0.000000E+000  -0.322419E-004
      1.5400    0.000000E+000   0.000000E+000  -0.321582E-004
      1.5500    0.000000E+000   0.000000E+000  -0.320746E-004
      1.5600    0.000000E+000   0.000000E+000  -0.319913E-004
      1.5700    0.000000E+000   0.000000E+000  -0.319082E-004
      1.5800    0.000000E+000   0.000000E+000  -0.318254E-004
      1.5900    0.000000E+000   0.000000E+000  -0.317429E-004
      1.6000    0.000000E+000   0.000000E+000  -0.316608E-004
      1.6100    0.000000E+000   0.000000E+000  -0.315790E-004
      1.6200    0.000000E+000   0.000000E+000  -0.314977E-004
      1.6300    0.000000E+000   0.000000E+000  -0.314167E-004
      1.6400    0.000000E+000   0.000000E+000  -0.313361E-004
      1.6500    0.000000E+000   0.000000E+000  -0.312560E-004
      1.6600    0.000000E+000   0.000000E+000  -0.311764E-004
      1.6700    0.000000E+000   0.000000E+000  -0.310973E-004
      1.6800    0.000000E+000   0.000000E+000  -0.310186E-004
      1.6900    0.000000E+000   0.000000E+000  -0.309405E-004
      1.7000    0.000000E+000   0.000000E+000  -0.308629E-004
      1.7100    0.000000E+000   0.000000E+000  -0.307859E-004
      1.7200    0.000000E+000   0.000000E+000  -0.307094E-004
      1.7300    0.000000E+000   0.000000E+000  -0.306336E-004
      1.7400    0.000000E+000   0.000000E+000  -0.305583E-004
      1.7500    0.000000E+000   0.000000E+000  -0.304836E-004
      1.7600    0.000000E+000   0.000000E+000  -0.304096E-004
      1.7700    0.000000E+000   0.000000E+000  -0.303362E-004
      1.7800    0.000000E+000   0.000000E+000  -0.302635E-004
      1.7900    0.000000E+000   0.000000E+000  -0.301914E-004
      1.8000    0.000000E+000   0.000000E+000  -0.301200E-004
      1.8100    0.000000E+000   0.000000E+000  -0.300493E-004
      1.8200    0.000000E+000   0.000000E+000  -0.299793E-004
      1.8300    0.000000E+000   0.000000E+000  -0.299099E-004
      1.8400    0.000000E+000   0.000000E+000  -0.298413E-004
      1.8500    0.000000E+000   0.000000E+000  -0.297734E-004
      1.8600    0.000000E+000   0.000000E+000  -0.297063E-004
      1.8700    0.000000E+000   0.000000E+000  -0.296398E-004
      1.8800    0.000000E+000   0.000000E+000  -0.295741E-004
      1.8900    0.000000E+000   0.000000E+000  -0.295092E-004
      1.9000    0.000000E+000   0.000000E+000  -0.294450E-004
      1.9100    0.000000E+000   0.000000E+000  -0.293815E-004
      1.9200    0.000000E+000   0.000000E+000  -0.293188E-004
      1.9300    0.000000E+000   0.000000E+000  -0.292569E-004
      1.9400    0.000000E+000   0.000000E+000  -0.291957E-004
      1.9500    0.000000E+000   0.000000E+000  -0.291352E-004
      1.9600    0.000000E+000   0.000000E+000  -0.290756E-004
      1.9700    0.000000E+000   0.000000E+000  -0.290167E-004
      1.9800    0.000000E+000   0.000000E+000  -0.289586E-004
      1.9900    0.000000E+000   0.000000E+000  -0.289012E-004
      2.0000    0.000000E+000   0.000000E+000  -0.288444E-004
      2.0100    0.000000E+000   0.000000E+000  -0.287879E-004
      2.0200    0.000000E+000   0.000000E+000  -0.287318E-004
      2.0300    0.000000E+000   0.000000E+000  -0.286760E-004
      2.0400    0.000000E+000   0.000000E+000  -0.286207E-004
      2.0500    0.000000E+000   0.000000E+000  -0.285657E-004
      2.0600    0.000000E+000   0.000000E+000  -0.285112E-004
      2.0700    0.000000E+000   0.000000E+000  -0.284571E-004
      2.0800    0.000000E+000   0.000000E+000  -0.284034E-004
      2.0900    0.000000E+000   0.000000E+000  -0.283501E-004
      2.1000    0.000000E+000   0.000000E+000  -0.282972E-004
      2.1100    0.000000E+000   0.000000E+000  -0.282448E-004
      2.1200    0.000000E+000   0.000000E+000  -0.281928E-004
      2.1300    0.000000E+000   0.000000E+000  -0.281413E-004
      2.1400    0.000000E+000   0.000000E+000  -0.280902E-004
      2.1500    0.000000E+000   0.000000E+000  -0.280396E-004
      2.1600    0.000000E+000   0.000000E+000  -0.279895E-004
      2.1700    0.000000E+000   0.000000E+000  -0.279398E-004
      2.1800    0.000000E+000   0.000000E+000  -0.278905E-004
      2.1900    0.000000E+000   0.000000E+000  -0.278418E-004
      2.2000    0.000000E+000   0.000000E+000  -0.277935E-004
      2.2100    0.000000E+000   0.000000E+000  -0.277457E-004
      2.2200    0.000000E+000   0.000000E+000  -0.276984E-004
      2.2300    0.000000E+000   0.000000E+000  -0.276516E-004
      2.2400    0.000000E+000   0.000000E+000  -0.276052E-004
      2.2500    0.000000E+000   0.000000E+000  -0.275594E-004
      2.2600    0.000000E+000   0.000000E+000  -0.275140E-004
      2.2700    0.000000E+000   0.000000E+000  -0.274691E-004
      2.2800    0.000000E+000   0.000000E+000  -0.274248E-004
      2.2900    0.000000E+000   0.000000E+000  -0.273809E-004
      2.3000    0.000000E+000   0.000000E+000  -0.273375E-004
      2.3100    0.000000E+000   0.000000E+000  -0.272947E-004
      2.3200    0.000000E+000   0.000000E+000  -0.272523E-004
      2.3300    0.000000E+000   0.000000E+000  -0.272104E-004
      2.3400    0.000000E+000   0.000000E+000  -0.271690E-004
      2.3500    0.000000E+000   0.000000E+000  -0.271282E-004
      2.3600    0.000000E+000   0.000000E+000  -0.270878E-004
      2.3700    0.000000E+000   0.000000E+000  -0.270480E-004
      2.3800    0.000000E+000   0.000000E+000  -0.270087E-004
      2.3900    0.000000E+000   0.000000E+000  -0.269698E-004
      2.4000    0.000000E+000   0.000000E+000  -0.269315E-004
      2.4100    0.000000E+000   0.000000E+000  -0.268937E-004
      2.4200    0.000000E+000   0.000000E+000  -0.268564E-004
      2.4300    0.000000E+000   0.000000E+000  -0.268196E-004
      2.4400    0.000000E+000   0.000000E+000  -0.267833E-004
      2.4500    0.000000E+000   0.000000E+000  -0.267475E-004
      2.4600    0.000000E+000   0.000000E+000  -0.267123E-004
      2.4700    0.000000E+000   0.000000E+000  -0.266775E-004
      2.4800    0.000000E+000   0.000000E+000  -0.266432E-004
      2.4900    0.000000E+000   0.000000E+000  -0.266095E-004
      2.5000    0.000000E+000   0.000000E+000  -0.265763E-004
      2.5100    0.000000E+000   0.000000E+000  -0.265435E-004
      2.5200    0.000000E+000   0.000000E+000  -0.265113E-004
      2.5300    0.000000E+000   0.000000E+000  -0.264796E-004
      2.5400    0.000000E+000   0.000000E+000  -0.264483E-004
      2.5500    0.000000E+000   0.000000E+000  -0.264176E-004
      2.5600    0.000000E+000   0.000000E+000  -0.263874E-004
      2.5700    0.000000E+000   0.000000E+000  -0.263577E-004
      2.5800    0.000000E+000   0.000000E+000  -0.263285E-004
      2.5900    0.000000E+000   0.000000E+000  -0.262998E-004
      2.6000    0.000000E+000   0.000000E+000  -0.262716E-004
      2.6100    0.000000E+000   0.000000E+000  -0.262438E-004
      2.6200    0.000000E+000   0.000000E+000  -0.262166E-004
      2.6300    0.000000E+000   0.000000E+000  -0.261899E-004
      2.6400    0.000000E+000   0.000000E+000  -0.261636E-004
      2.6500    0.000000E+000   0.000000E+000  -0.261379E-004
      2.6600    0.000000E+000   0.000000E+000  -0.261126E-004
      2.6700    0.000000E+000   0.000000E+000  -0.260878E-004
      2.6800    0.000000E+000   0.000000E+000  -0.260635E-004
      2.6900    0.000000E+000   0.000000E+000  -0.260397E-004
      2.7000    0.000000E+000   0.000000E+000  -0.260164E-004
      2.7100    0.000000E+000   0.000000E+000  -0.259936E-004
      2.7200    0.000000E+000   0.000000E+000  -0.259712E-004
      2.7300    0.000000E+000   0.000000E+000  -0.259493E-004
      2.7400    0.000000E+000   0.000000E+000  -0.259279E-004
      2.7500    0.000000E+000   0.000000E+000  -0.259070E-004
      2.7600    0.000000E+000   0.000000E+000  -0.258865E-004
      2.7700    0.000000E+000   0.000000E+000  -0.258665E-004
      2.7800    0.000000E+000   0.000000E+000  -0.258470E-004
      2.7900    0.000000E+000   0.000000E+000  -0.258279E-004
      2.8000    0.000000E+000   0.000000E+000  -0.258093E-004
      2.8100    0.000000E+000   0.000000E+000  -0.257911E-004
      2.8200    0.000000E+000   0.000000E+000  -0.257735E-004
      2.8300    0.000000E+000   0.000000E+000  -0.257562E-004
      2.8400    0.000000E+000   0.000000E+000  -0.257394E-004
      2.8500    0.000000E+000   0.000000E+000  -0.257231E-004
      2.8600    0.000000E+000   0.000000E+000  -0.257072E-004
      2.8700    0.000000E+000   0.000000E+000  -0.256918E-004
      2.8800    0.000000E+000   0.000000E+000  -0.256768E-004
      2.8900    0.000000E+000   0.000000E+000  -0.256623E-004
      2.9000    0.000000E+000   0.000000E+000  -0.256482E-004
      2.9100    0.000000E+000   0.000000E+000  -0.256345E-004
      2.9200    0.000000E+000   0.000000E+000  -0.256213E-004
      2.9300    0.000000E+000   0.000000E+000  -0.256085E-004
      2.9400    0.000000E+000   0.000000E+000  -0.255961E-004
      2.9500    0.000000E+000   0.000000E+000  -0.255842E-004
      2.9600    0.000000E+000   0.000000E+000  -0.255727E-004
      2.9700    0.000000E+000   0.000000E+000  -0.255616E-004
      2.9800    0.000000E+000   0.000000E+000  -0.255509E-004
      2.9900    0.000000E+000   0.000000E+000  -0.255407E-004
      3.0000    0.000000E+000   0.000000E+000  -0.255308E-004
      3.0100    0.000000E+000   0.000000E+000  -0.255214E-004
      3.0200    0.000000E+000   0.000000E+000  -0.255124E-004
      3.0300    0.000000E+000   0.000000E+000  -0.255038E-004
      3.0400    0.000000E+000   0.000000E+000  -0.254956E-004
      3.0500    0.000000E+000   0.000000E+000  -0.254878E-004
      3.0600    0.000000E+000   0.000000E+000  -0.254804E-004
      3.0700    0.000000E+000   0.000000E+000  -0.254733E-004
      3.0800    0.000000E+000   0.000000E+000  -0.254667E-004
      3.0900    0.000000E+000   0.000000E+000  -0.254605E-004
      3.1000    0.000000E+000   0.000000E+000  -0.254546E-004
      3.1100    0.000000E+000   0.000000E+000  -0.254492E-004
      3.1200    0.000000E+000   0.000000E+000  -0.254441E-004
      3.1300    0.000000E+000   0.000000E+000  -0.254394E-004
      3.1400    0.000000E+000   0.000000E+000  -0.254351E-004
      3.1500    0.000000E+000   0.000000E+000  -0.254311E-004
      3.1600    0.000000E+000   0.000000E+000  -0.254276E-004
      3.1700    0.000000E+000   0.000000E+000  -0.254244E-004
      3.1800    0.000000E+000   0.000000E+000  -0.254215E-004
      3.1900    0.000000E+000   0.000000E+000  -0.254190E-004
      3.2000    0.000000E+000   0.000000E+000  -0.254169E-004
      3.2100    0.000000E+000   0.000000E+000  -0.254151E-004
      3.2200    0.000000E+000   0.000000E+000  -0.254137E-004
      3.2300    0.000000E+000   0.000000E+000  -0.254126E-004
      3.2400    0.000000E+000   0.000000E+000  -0.254119E-004
      3.2500    0.000000E+000   0.000000E+000  -0.254115E-004
      3.2600    0.000000E+000   0.000000E+000  -0.254115E-004
      3.2700    0.000000E+000   0.000000E+000  -0.254118E-004
      3.2800    0.000000E+000   0.000000E+000  -0.254124E-004
      3.2900    0.000000E+000   0.000000E+000  -0.254134E-004
      3.3000    0.000000E+000   0.000000E+000  -0.254147E-004
      3.3100    0.000000E+000   0.000000E+000  -0.254163E-004
      3.3200    0.000000E+000   0.000000E+000  -0.254183E-004
      3.3300    0.000000E+000   0.000000E+000  -0.254205E-004
      3.3400    0.000000E+000   0.000000E+000  -0.254231E-004
      3.3500    0.000000E+000   0.000000E+000  -0.254260E-004
      3.3600    0.000000E+000   0.000000E+000  -0.254292E-004
      3.3700    0.000000E+000   0.000000E+000  -0.254328E-004
      3.3800    0.000000E+000   0.000000E+000  -0.254366E-004
      3.3900    0.000000E+000   0.000000E+000  -0.254407E-004
      3.4000    0.000000E+000   0.000000E+000  -0.254451E-004
      3.4100    0.000000E+000   0.000000E+000  -0.254498E-004
      3.4200    0.000000E+000   0.000000E+000  -0.254549E-004
      3.4300    0.000000E+000   0.000000E+000  -0.254602E-004
      3.4400    0.000000E+000   0.000000E+000  -0.254657E-004
      3.4500    0.000000E+000   0.000000E+000  -0.254716E-004
      3.4600    0.000000E+000   0.000000E+000  -0.254778E-004
      3.4700    0.000000E+000   0.000000E+000  -0.254842E-004
      3.4800    0.000000E+000   0.000000E+000  -0.254909E-004
      3.4900    0.000000E+000   0.000000E+000  -0.254979E-004
      3.5000    0.000000E+000   0.000000E+000  -0.255051E-004
      3.5100    0.000000E+000   0.000000E+000  -0.255126E-004
      3.5200    0.000000E+000   0.000000E+000  -0.255204E-004
      3.5300    0.000000E+000   0.000000E+000  -0.255284E-004
      3.5400    0.000000E+000   0.000000E+000  -0.255367E-004
      3.5500    0.000000E+000   0.000000E+000  -0.255453E-004
      3.5600    0.000000E+000   0.000000E+000  -0.255540E-004
      3.5700    0.000000E+000   0.000000E+000  -0.255631E-004
      3.5800    0.000000E+000   0.000000E+000  -0.255724E-004
      3.5900    0.000000E+000   0.000000E+000  -0.255819E-004
      3.6000    0.000000E+000   0.000000E+000  -0.255917E-004
      3.6100    0.000000E+000   0.000000E+000  -0.256017E-004
      3.6200    0.000000E+000   0.000000E+000  -0.256119E-004
      3.6300    0.000000E+000   0.000000E+000  -0.256223E-004
      3.6400    0.000000E+000   0.000000E+000  -0.256330E-004
      3.6500    0.000000E+000   0.000000E+000  -0.256439E-004
      3.6600    0.000000E+000   0.000000E+000  -0.256551E-004
      3.6700    0.000000E+000   0.000000E+000  -0.256664E-004
      3.6800    0.000000E+000   0.000000E+000  -0.256780E-004
      3.6900    0.000000E+000   0.000000E+000  -0.256897E-004
      3.7000    0.000000E+000   0.000000E+000  -0.257017E-004
      3.7100    0.000000E+000   0.000000E+000  -0.257139E-004
      3.7200    0.000000E+000   0.000000E+000  -0.257263E-004
      3.7300    0.000000E+000   0.000000E+000  -0.257389E-004
      3.7400    0.000000E+000   0.000000E+000  -0.257517E-004
      3.7500    0.000000E+000   0.000000E+000  -0.257647E-004
      3.7600    0.000000E+000   0.000000E+000  -0.257778E-004
      3.7700    0.000000E+000   0.000000E+000  -0.257912E-004
      3.7800    0.000000E+000   0.000000E+000  -0.258047E-004
      3.7900    0.000000E+000   0.000000E+000  -0.258185E-004
      3.8000    0.000000E+000   0.000000E+000  -0.258324E-004
      3.8100    0.000000E+000   0.000000E+000  -0.258464E-004
      3.8200    0.000000E+000   0.000000E+000  -0.258607E-004
      3.8300    0.000000E+000   0.000000E+000  -0.258751E-004
      3.8400    0.000000E+000   0.000000E+000  -0.258897E-004
      3.8500    0.000000E+000   0.000000E+000  -0.259045E-004
      3.8600    0.000000E+000   0.000000E+000  -0.259194E-004
      3.8700    0.000000E+000   0.000000E+000  -0.259345E-004
      3.8800    0.000000E+000   0.000000E+000  -0.259497E-004
      3.8900    0.000000E+000   0.000000E+000  -0.259651E-004
      3.9000    0.000000E+000   0.000000E+000  -0.259807E-004
      3.9100    0.000000E+000   0.000000E+000  -0.259963E-004
      3.9200    0.000000E+000   0.000000E+000  -0.260122E-004
      3.9300    0.000000E+000   0.000000E+000  -0.260282E-004
      3.9400    0.000000E+000   0.000000E+000  -0.260443E-004
      3.9500    0.000000E+000   0.000000E+000  -0.260605E-004
      3.9600    0.000000E+000   0.000000E+000  -0.260769E-004
      3.9700    0.000000E+000   0.000000E+000  -0.260934E-004
      3.9800    0.000000E+000   0.000000E+000  -0.261101E-004
      3.9900    0.000000E+000   0.000000E+000  -0.261269E-004
      4.0000    0.000000E+000   0.000000E+000  -0.261438E-004
      4.0100    0.000000E+000   0.000000E+000  -0.261608E-004
      4.0200    0.000000E+000   0.000000E+000  -0.261779E-004
      4.0300    0.000000E+000   0.000000E+000  -0.261952E-004
      4.0400    0.000000E+000   0.000000E+000  -0.262126E-004
      4.0500    0.000000E+000   0.000000E+000  -0.262301E-004
      4.0600    0.000000E+000   0.000000E+000  -0.262476E-004
      4.0700    0.000000E+000   0.000000E+000  -0.262653E-004
      4.0800    0.000000E+000   0.000000E+000  -0.262831E-004
      4.0900    0.000000E+000   0.000000E+000  -0.263010E-004
      4.1000    0.000000E+000   0.000000E+000  -0.263190E-004
      4.1100    0.000000E+000   0.000000E+000  -0.263371E-004
      4.1200    0.000000E+000   0.000000E+000  -0.263553E-004
      4.1300    0.000000E+000   0.000000E+000  -0.263736E-004
      4.1400    0.000000E+000   0.000000E+000  -0.263919E-004
      4.1500    0.000000E+000   0.000000E+000  -0.264104E-004
      4.1600    0.000000E+000   0.000000E+000  -0.264289E-004
      4.1700    0.000000E+000   0.000000E+000  -0.264475E-004
      4.1800    0.000000E+000   0.000000E+000  -0.264662E-004
      4.1900    0.000000E+000   0.000000E+000  -0.264850E-004
      4.2000    0.000000E+000   0.000000E+000  -0.265038E-004
      4.2100    0.000000E+000   0.000000E+000  -0.265227E-004
      4.2200    0.000000E+000   0.000000E+000  -0.265417E-004
      4.2300    0.000000E+000   0.000000E+000  -0.265607E-004
      4.2400    0.000000E+000   0.000000E+000  -0.265798E-004
      4.2500    0.000000E+000   0.000000E+000  -0.265990E-004
      4.2600    0.000000E+000   0.000000E+000  -0.266182E-004
      4.2700    0.000000E+000   0.000000E+000  -0.266375E-004
      4.2800    0.000000E+000   0.000000E+000  -0.266568E-004
      4.2900    0.000000E+000   0.000000E+000  -0.266762E-004
      4.3000    0.000000E+000   0.000000E+000  -0.266957E-004
      4.3100    0.000000E+000   0.000000E+000  -0.267151E-004
      4.3200    0.000000E+000   0.000000E+000  -0.267347E-004
      4.3300    0.000000E+000   0.000000E+000  -0.267542E-004
      4.3400    0.000000E+000   0.000000E+000  -0.267739E-004
      4.3500    0.000000E+000   0.000000E+000  -0.267935E-004
      4.3600    0.000000E+000   0.000000E+000  -0.268132E-004
      4.3700    0.000000E+000   0.000000E+000  -0.268329E-004
      4.3800    0.000000E+000   0.000000E+000  -0.268527E-004
      4.3900    0.000000E+000   0.000000E+000  -0.268725E-004
      4.4000    0.000000E+000   0.000000E+000  -0.268923E-004
      4.4100    0.000000E+000   0.000000E+000  -0.269121E-004
      4.4200    0.000000E+000   0.000000E+000  -0.269320E-004
      4.4300    0.000000E+000   0.000000E+000  -0.269519E-004
      4.4400    0.000000E+000   0.000000E+000  -0.269718E-004
      4.4500    0.000000E+000   0.000000E+000  -0.269917E-004
      4.4600    0.000000E+000   0.000000E+000  -0.270116E-004
      4.4700    0.000000E+000   0.000000E+000  -0.270316E-004
      4.4800    0.000000E+000   0.000000E+000  -0.270515E-004
      4.4900    0.000000E+000   0.000000E+000  -0.270715E-004
      4.5000    0.000000E+000   0.000000E+000  -0.270915E-004
      4.5100    0.000000E+000   0.000000E+000  -0.271115E-004
      4.5200    0.000000E+000   0.000000E+000  -0.271315E-004
      4.5300    0.000000E+000   0.000000E+000  -0.271514E-004
      4.5400    0.000000E+000   0.000000E+000  -0.271714E-004
      4.5500    0.000000E+000   0.000000E+000  -0.271914E-004
      4.5600    0.000000E+000   0.000000E+000  -0.272114E-004
      4.5700    0.000000E+000   0.000000E+000  -0.272314E-004
      4.5800    0.000000E+000   0.000000E+000  -0.272514E-004
      4.5900    0.000000E+000   0.000000E+000  -0.272713E-004
      4.6000    0.000000E+000   0.000000E+000  -0.272913E-004
      4.6100    0.000000E+000   0.000000E+000  -0.273112E-004
      4.6200    0.000000E+000   0.000000E+000  -0.273312E-004
      4.6300    0.000000E+000   0.000000E+000  -0.273511E-004
      4.6400    0.000000E+000   0.000000E+000  -0.273710E-004
      4.6500    0.000000E+000   0.000000E+000  -0.273908E-004
      4.6600    0.000000E+000   0.000000E+000  -0.274107E-004
      4.6700    0.000000E+000   0.000000E+000  -0.274305E-004
      4.6800    0.000000E+000   0.000000E+000  -0.274503E-004
      4.6900    0.000000E+000   0.000000E+000  -0.274701E-004
      4.7000    0.000000E+000   0.000000E+000  -0.274898E-004
      4.7100    0.000000E+000   0.000000E+000  -0.275096E-004
      4.7200    0.000000E+000   0.000000E+000  -0.275292E-004
      4.7300    0.000000E+000   0.000000E+000  -0.275489E-004
      4.7400    0.000000E+000   0.000000E+000  -0.275685E-004
      4.7500    0.000000E+000   0.000000E+000  -0.275881E-004
      4.7600    0.000000E+000   0.000000E+000  -0.276077E-004
      4.7700    0.000000E+000   0.000000E+000  -0.276272E-004
      4.7800    0.000000E+000   0.000000E+000  -0.276466E-004
      4.7900    0.000000E+000   0.000000E+000  -0.276661E-004
      4.8000    0.000000E+000   0.000000E+000  -0.276855E-004
      4.8100    0.000000E+000   0.000000E+000  -0.277048E-004
      4.8200    0.000000E+000   0.000000E+000  -0.277241E-004
      4.8300    0.000000E+000   0.000000E+000  -0.277433E-004
      4.8400    0.000000E+000   0.000000E+000  -0.277625E-004
      4.8500    0.000000E+000   0.000000E+000  -0.277817E-004
      4.8600    0.000000E+000   0.000000E+000  -0.278008E-004
      4.8700    0.000000E+000   0.000000E+000  -0.278198E-004
      4.8800    0.000000E+000   0.000000E+000  -0.278388E-004
      4.8900    0.000000E+000   0.000000E+000  -0.278578E-004
      4.9000    0.000000E+000   0.000000E+000  -0.278766E-004
      4.9100    0.000000E+000   0.000000E+000  -0.278955E-004
      4.9200    0.000000E+000   0.000000E+000  -0.279142E-004
      4.9300    0.000000E+000   0.000000E+000  -0.279329E-004
      4.9400    0.000000E+000   0.000000E+000  -0.279516E-004
      4.9500    0.000000E+000   0.000000E+000  -0.279701E-004
      4.9600    0.000000E+000   0.000000E+000  -0.279886E-004
      4.9700    0.000000E+000   0.000000E+000  -0.280071E-004
      4.9800    0.000000E+000   0.000000E+000  -0.280255E-004
      4.9900    0.000000E+000   0.000000E+000  -0.280438E-004
      5.0000    0.000000E+000   0.000000E+000  -0.280620E-004
      5.0100    0.000000E+000   0.000000E+000  -0.280802E-004
      5.0200    0.000000E+000   0.000000E+000  -0.280983E-004
      5.0300    0.000000E+000   0.000000E+000  -0.281163E-004
      5.0400    0.000000E+000   0.000000E+000  -0.281343E-004
      5.0500    0.000000E+000   0.000000E+000  -0.281522E-004
      5.0600    0.000000E+000   0.000000E+000  -0.281700E-004
      5.0700    0.000000E+000   0.000000E+000  -0.281877E-004
      5.0800    0.000000E+000   0.000000E+000  -0.282053E-004
      5.0900    0.000000E+000   0.000000E+000  -0.282229E-004
      5.1000    0.000000E+000   0.000000E+000  -0.282404E-004
      5.1100    0.000000E+000   0.000000E+000  -0.282578E-004
      5.1200    0.000000E+000   0.000000E+000  -0.282752E-004
      5.1300    0.000000E+000   0.000000E+000  -0.282924E-004
      5.1400    0.000000E+000   0.000000E+000  -0.283096E-004
      5.1500    0.000000E+000   0.000000E+000  -0.283267E-004
      5.1600    0.000000E+000   0.000000E+000  -0.283437E-004
      5.1700    0.000000E+000   0.000000E+000  -0.283606E-004
      5.1800    0.000000E+000   0.000000E+000  -0.283774E-004
      5.1900    0.000000E+000   0.000000E+000  -0.283942E-004
      5.2000    0.000000E+000   0.000000E+000  -0.284108E-004
      5.2100    0.000000E+000   0.000000E+000  -0.284274E-004
      5.2200    0.000000E+000   0.000000E+000  -0.284439E-004
      5.2300    0.000000E+000   0.000000E+000  -0.284602E-004
      5.2400    0.000000E+000   0.000000E+000  -0.284765E-004
      5.2500    0.000000E+000   0.000000E+000  -0.284927E-004
      5.2600    0.000000E+000   0.000000E+000  -0.285089E-004
      5.2700    0.000000E+000   0.000000E+000  -0.285249E-004
      5.2800    0.000000E+000   0.000000E+000  -0.285408E-004
      5.2900    0.000000E+000   0.000000E+000  -0.285566E-004
      5.3000    0.000000E+000   0.000000E+000  -0.285723E-004
      5.3100    0.000000E+000   0.000000E+000  -0.285880E-004
      5.3200    0.000000E+000   0.000000E+000  -0.286035E-004
      5.3300    0.000000E+000   0.000000E+000  -0.286190E-004
      5.3400    0.000000E+000   0.000000E+000  -0.286343E-004
      5.3500    0.000000E+000   0.000000E+000  -0.286496E-004
      5.3600    0.000000E+000   0.000000E+000  -0.286647E-004
      5.3700    0.000000E+000   0.000000E+000  -0.286798E-004
      5.3800    0.000000E+000   0.000000E+000  -0.286947E-004
      5.3900    0.000000E+000   0.000000E+000  -0.287095E-004
      5.4000    0.000000E+000   0.000000E+000  -0.287243E-004
      5.4100    0.000000E+000   0.000000E+000  -0.287389E-004
      5.4200    0.000000E+000   0.000000E+000  -0.287535E-004
      5.4300    0.000000E+000   0.000000E+000  -0.287679E-004
      5.4400    0.000000E+000   0.000000E+000  -0.287823E-004
      5.4500    0.000000E+000   0.000000E+000  -0.287965E-004
      5.4600    0.000000E+000   0.000000E+000  -0.288106E-004
      5.4700    0.000000E+000   0.000000E+000  -0.288246E-004
      5.4800    0.000000E+000   0.000000E+000  -0.288386E-004
      5.4900    0.000000E+000   0.000000E+000  -0.288524E-004
      5.5000    0.000000E+000   0.000000E+000  -0.288661E-004
      5.5100    0.000000E+000   0.000000E+000  -0.288797E-004
      5.5200    0.000000E+000   0.000000E+000  -0.288932E-004
      5.5300    0.000000E+000   0.000000E+000  -0.289066E-004
      5.5400    0.000000E+000   0.000000E+000  -0.289199E-004
      5.5500    0.000000E+000   0.000000E+000  -0.289330E-004
      5.5600    0.000000E+000   0.000000E+000  -0.289461E-004
      5.5700    0.000000E+000   0.000000E+000  -0.289591E-004
      5.5800    0.000000E+000   0.000000E+000  -0.289719E-004
      5.5900    0.000000E+000   0.000000E+000  -0.289847E-004
      5.6000    0.000000E+000   0.000000E+000  -0.289973E-004
      5.6100    0.000000E+000   0.000000E+000  -0.290098E-004
      5.6200    0.000000E+000   0.000000E+000  -0.290222E-004
      5.6300    0.000000E+000   0.000000E+000  -0.290346E-004
      5.6400    0.000000E+000   0.000000E+000  -0.290468E-004
      5.6500    0.000000E+000   0.000000E+000  -0.290588E-004
      5.6600    0.000000E+000   0.000000E+000  -0.290708E-004
      5.6700    0.000000E+000   0.000000E+000  -0.290827E-004
      5.6800    0.000000E+000   0.000000E+000  -0.290945E-004
      5.6900    0.000000E+000   0.000000E+000  -0.291061E-004
      5.7000    0.000000E+000   0.000000E+000  -0.291177E-004
      5.7100    0.000000E+000   0.000000E+000  -0.291291E-004
      5.7200    0.000000E+000   0.000000E+000  -0.291404E-004
      5.7300    0.000000E+000   0.000000E+000  -0.291516E-004
      5.7400    0.000000E+000   0.000000E+000  -0.291627E-004
      5.7500    0.000000E+000   0.000000E+000  -0.291737E-004
      5.7600    0.000000E+000   0.000000E+000  -0.291846E-004
      5.7700    0.000000E+000   0.000000E+000  -0.291953E-004
      5.7800    0.000000E+000   0.000000E+000  -0.292060E-004
      5.7900    0.000000E+000   0.000000E+000  -0.292165E-004
      5.8000    0.000000E+000   0.000000E+000  -0.292270E-004
      5.8100    0.000000E+000   0.000000E+000  -0.292373E-004
      5.8200    0.000000E+000   0.000000E+000  -0.292475E-004
      5.8300    0.000000E+000   0.000000E+000  -0.292576E-004
      5.8400    0.000000E+000   0.000000E+000  -0.292676E-004
      5.8500    0.000000E+000   0.000000E+000  -0.292775E-004
      5.8600    0.000000E+000   0.000000E+000  -0.292873E-004
      5.8700    0.000000E+000   0.000000E+000  -0.292969E-004
      5.8800    0.000000E+000   0.000000E+000  -0.293065E-004
      5.8900    0.000000E+000   0.000000E+000  -0.293159E-004
      5.9000    0.000000E+000   0.000000E+000  -0.293252E-004
      5.9100    0.000000E+000   0.000000E+000  -0.293345E-004
      5.9200    0.000000E+000   0.000000E+000  -0.293436E-004
      5.9300    0.000000E+000   0.000000E+000  -0.293526E-004
      5.9400    0.000000E+000   0.000000E+000  -0.293614E-004
      5.9500    0.000000E+000   0.000000E+000  -0.293702E-004
      5.9600    0.000000E+000   0.000000E+000  -0.293789E-004
      5.9700    0.000000E+000   0.000000E+000  -0.293875E-004
      5.9800    0.000000E+000   0.000000E+000  -0.293959E-004
      5.9900    0.000000E+000   0.000000E+000  -0.294043E-004
      6.0000    0.000000E+000   0.000000E+000  -0.294125E-004
      6.0100    0.000000E+000   0.000000E+000  -0.294206E-004
      6.0200    0.000000E+000   0.000000E+000  -0.294286E-004
      6.0300    0.000000E+000   0.000000E+000  -0.294365E-004
      6.0400    0.000000E+000   0.000000E+000  -0.294444E-004
      6.0500    0.000000E+000   0.000000E+000  -0.294520E-004
      6.0600    0.000000E+000   0.000000E+000  -0.294596E-004
      6.0700    0.000000E+000   0.000000E+000  -0.294671E-004
      6.0800    0.000000E+000   0.000000E+000  -0.294745E-004
      6.0900    0.000000E+000   0.000000E+000  -0.294818E-004
      6.1000    0.000000E+000   0.000000E+000  -0.294889E-004
      6.1100    0.000000E+000   0.000000E+000  -0.294960E-004
      6.1200    0.000000E+000   0.000000E+000  -0.295029E-004
      6.1300    0.000000E+000   0.000000E+000  -0.295098E-004
      6.1400    0.000000E+000   0.000000E+000  -0.295165E-004
      6.1500    0.000000E+000   0.000000E+000  -0.295232E-004
      6.1600    0.000000E+000   0.000000E+000  -0.295297E-004
      6.1700    0.000000E+000   0.000000E+000  -0.295361E-004
      6.1800    0.000000E+000   0.000000E+000  -0.295425E-004
      6.1900    0.000000E+000   0.000000E+000  -0.295487E-004
      6.2000    0.000000E+000   0.000000E+000  -0.295548E-004
      6.2100    0.000000E+000   0.000000E+000  -0.295608E-004
      6.2200    0.000000E+000   0.000000E+000  -0.295667E-004
      6.2300    0.000000E+000   0.000000E+000  -0.295726E-004
      6.2400    0.000000E+000   0.000000E+000  -0.295783E-004
      6.2500    0.000000E+000   0.000000E+000  -0.295839E-004
      6.2600    0.000000E+000   0.000000E+000  -0.295894E-004
      6.2700    0.000000E+000   0.000000E+000  -0.295948E-004
      6.2800    0.000000E+000   0.000000E+000  -0.296002E-004
      6.2900    0.000000E+000   0.000000E+000  -0.296054E-004
      6.3000    0.000000E+000   0.000000E+000  -0.296105E-004
      6.3100    0.000000E+000   0.000000E+000  -0.296155E-004
      6.3200    0.000000E+000   0.000000E+000  -0.296204E-004
      6.3300    0.000000E+000   0.000000E+000  -0.296253E-004
      6.3400    0.000000E+000   0.000000E+000  -0.296300E-004
      6.3500    0.000000E+000   0.000000E+000  -0.296346E-004
      6.3600    0.000000E+000   0.000000E+000  -0.296392E-004
      6.3700    0.000000E+000   0.000000E+000  -0.296436E-004
      6.3800    0.000000E+000   0.000000E+000  -0.296480E-004
      6.3900    0.000000E+000   0.000000E+000  -0.296522E-004
      6.4000    0.000000E+000   0.000000E+000  -0.296564E-004
      6.4100    0.000000E+000   0.000000E+000  -0.296605E-004
      6.4200    0.000000E+000   0.000000E+000  -0.296644E-004
      6.4300    0.000000E+000   0.000000E+000  -0.296683E-004
      6.4400    0.000000E+000   0.000000E+000  -0.296721E-004
      6.4500    0.000000E+000   0.000000E+000  -0.296758E-004
      6.4600    0.000000E+000   0.000000E+000  -0.296795E-004
      6.4700    0.000000E+000   0.000000E+000  -0.296830E-004
      6.4800    0.000000E+000   0.000000E+000  -0.296864E-004
      6.4900    0.000000E+000   0.000000E+000  -0.296898E-004
      6.5000    0.000000E+000   0.000000E+000  -0.296930E-004
      6.5100    0.000000E+000   0.000000E+000  -0.296962E-004
      6.5200    0.000000E+000   0.000000E+000  -0.296993E-004
      6.5300    0.000000E+000   0.000000E+000  -0.297023E-004
      6.5400    0.000000E+000   0.000000E+000  -0.297052E-004
      6.5500    0.000000E+000   0.000000E+000  -0.297080E-004
      6.5600    0.000000E+000   0.000000E+000  -0.297108E-004
      6.5700    0.000000E+000   0.000000E+000  -0.297134E-004
      6.5800    0.000000E+000   0.000000E+000  -0.297160E-004
      6.5900    0.000000E+000   0.000000E+000  -0.297185E-004
      6.6000    0.000000E+000   0.000000E+000  -0.297209E-004
      6.6100    0.000000E+000   0.000000E+000  -0.297233E-004
      6.6200    0.000000E+000   0.000000E+000  -0.297255E-004
      6.6300    0.000000E+000   0.000000E+000  -0.297277E-004
      6.6400    0.000000E+000   0.000000E+000  -0.297298E-004
      6.6500    0.000000E+000   0.000000E+000  -0.297318E-004
      6.6600    0.000000E+000   0.000000E+000  -0.297337E-004
      6.6700    0.000000E+000   0.000000E+000  -0.297356E-004
      6.6800    0.000000E+000   0.000000E+000  -0.297374E-004
      6.6900    0.000000E+000   0.000000E+000  -0.297391E-004
      6.7000    0.000000E+000   0.000000E+000  -0.297407E-004
      6.7100    0.000000E+000   0.000000E+000  -0.297423E-004
      6.7200    0.000000E+000   0.000000E+000  -0.297438E-004
      6.7300    0.000000E+000   0.000000E+000  -0.297452E-004
      6.7400    0.000000E+000   0.000000E+000  -0.297465E-004
      6.7500    0.000000E+000   0.000000E+000  -0.297478E-004
      6.7600    0.000000E+000   0.000000E+000  -0.297489E-004
      6.7700    0.000000E+000   0.000000E+000  -0.297501E-004
      6.7800    0.000000E+000   0.000000E+000  -0.297511E-004
      6.7900    0.000000E+000   0.000000E+000  -0.297521E-004
      6.8000    0.000000E+000   0.000000E+000  -0.297530E-004
      6.8100    0.000000E+000   0.000000E+000  -0.297539E-004
      6.8200    0.000000E+000   0.000000E+000  -0.297546E-004
      6.8300    0.000000E+000   0.000000E+000  -0.297553E-004
      6.8400    0.000000E+000   0.000000E+000  -0.297560E-004
      6.8500    0.000000E+000   0.000000E+000  -0.297566E-004
      6.8600    0.000000E+000   0.000000E+000  -0.297571E-004
      6.8700    0.000000E+000   0.000000E+000  -0.297575E-004
      6.8800    0.000000E+000   0.000000E+000  -0.297579E-004
      6.8900    0.000000E+000   0.000000E+000  -0.297582E-004
      6.9000    0.000000E+000   0.000000E+000  -0.297585E-004
      6.9100    0.000000E+000   0.000000E+000  -0.297587E-004
      6.9200    0.000000E+000   0.000000E+000  -0.297588E-004
      6.9300    0.000000E+000   0.000000E+000  -0.297589E-004
      6.9400    0.000000E+000   0.000000E+000  -0.297589E-004
      6.9500    0.000000E+000   0.000000E+000  -0.297589E-004
      6.9600    0.000000E+000   0.000000E+000  -0.297588E-004
      6.9700    0.000000E+000   0.000000E+000  -0.297586E-004
      6.9800    0.000000E+000   0.000000E+000  -0.297584E-004
      6.9900    0.000000E+000   0.000000E+000  -0.297582E-004
      7.0000    0.000000E+000   0.000000E+000  -0.297578E-004
      7.0100    0.000000E+000   0.000000E+000  -0.297575E-004
      7.0200    0.000000E+000   0.000000E+000  -0.297570E-004
      7.0300    0.000000E+000   0.000000E+000  -0.297566E-004
      7.0400    0.000000E+000   0.000000E+000  -0.297560E-004
      7.0500    0.000000E+000   0.000000E+000  -0.297554E-004
      7.0600    0.000000E+000   0.000000E+000  -0.297548E-004
      7.0700    0.000000E+000   0.000000E+000  -0.297541E-004
      7.0800    0.000000E+000   0.000000E+000  -0.297534E-004
      7.0900    0.000000E+000   0.000000E+000  -0.297526E-004
      7.1000    0.000000E+000   0.000000E+000  -0.297518E-004
      7.1100    0.000000E+000   0.000000E+000  -0.297509E-004
      7.1200    0.000000E+000   0.000000E+000  -0.297500E-004
      7.1300    0.000000E+000   0.000000E+000  -0.297490E-004
      7.1400    0.000000E+000   0.000000E+000  -0.297480E-004
      7.1500    0.000000E+000   0.000000E+000  -0.297469E-004
      7.1600    0.000000E+000   0.000000E+000  -0.297458E-004
      7.1700    0.000000E+000   0.000000E+000  -0.297447E-004
      7.1800    0.000000E+000   0.000000E+000  -0.297435E-004
      7.1900    0.000000E+000   0.000000E+000  -0.297423E-004
      7.2000    0.000000E+000   0.000000E+000  -0.297410E-004
      7.2100    0.000000E+000   0.000000E+000  -0.297397E-004
      7.2200    0.000000E+000   0.000000E+000  -0.297383E-004
      7.2300    0.000000E+000   0.000000E+000  -0.297369E-004
      7.2400    0.000000E+000   0.000000E+000  -0.297355E-004
      7.2500    0.000000E+000   0.000000E+000  -0.297341E-004
      7.2600    0.000000E+000   0.000000E+000  -0.297325E-004
      7.2700    0.000000E+000   0.000000E+000  -0.297310E-004
      7.2800    0.000000E+000   0.000000E+000  -0.297294E-004
      7.2900    0.000000E+000   0.000000E+000  -0.297278E-004
      7.3000    0.000000E+000   0.000000E+000  -0.297262E-004
      7.3100    0.000000E+000   0.000000E+000  -0.297245E-004
      7.3200    0.000000E+000   0.000000E+000  -0.297228E-004
      7.3300    0.000000E+000   0.000000E+000  -0.297211E-004
      7.3400    0.000000E+000   0.000000E+000  -0.297193E-004
      7.3500    0.000000E+000   0.000000E+000  -0.297175E-004
      7.3600    0.000000E+000   0.000000E+000  -0.297157E-004
      7.3700    0.000000E+000   0.000000E+000  -0.297138E-004
      7.3800    0.000000E+000   0.000000E+000  -0.297119E-004
      7.3900    0.000000E+000   0.000000E+000  -0.297100E-004
      7.4000    0.000000E+000   0.000000E+000  -0.297081E-004
      7.4100    0.000000E+000   0.000000E+000  -0.297061E-004
      7.4200    0.000000E+000   0.000000E+000  -0.297041E-004
      7.4300    0.000000E+000   0.000000E+000  -0.297021E-004
      7.4400    0.000000E+000   0.000000E+000  -0.297001E-004
      7.4500    0.000000E+000   0.000000E+000  -0.296980E-004
      7.4600    0.000000E+000   0.000000E+000  -0.296959E-004
      7.4700    0.000000E+000   0.000000E+000  -0.296938E-004
      7.4800    0.000000E+000   0.000000E+000  -0.296917E-004
      7.4900    0.000000E+000   0.000000E+000  -0.296895E-004
      7.5000    0.000000E+000   0.000000E+000  -0.296873E-004
      7.5100    0.000000E+000   0.000000E+000  -0.296851E-004
      7.5200    0.000000E+000   0.000000E+000  -0.296829E-004
      7.5300    0.000000E+000   0.000000E+000  -0.296807E-004
      7.5400    0.000000E+000   0.000000E+000  -0.296784E-004
      7.5500    0.000000E+000   0.000000E+000  -0.296762E-004
      7.5600    0.000000E+000   0.000000E+000  -0.296739E-004
      7.5700    0.000000E+000   0.000000E+000  -0.296716E-004
      7.5800    0.000000E+000   0.000000E+000  -0.296693E-004
      7.5900    0.000000E+000   0.000000E+000  -0.296669E-004
      7.6000    0.000000E+000   0.000000E+000  -0.296646E-004
      7.6100    0.000000E+000   0.000000E+000  -0.296622E-004
      7.6200    0.000000E+000   0.000000E+000  -0.296599E-004
      7.6300    0.000000E+000   0.000000E+000  -0.296575E-004
      7.6400    0.000000E+000   0.000000E+000  -0.296551E-004
      7.6500    0.000000E+000   0.000000E+000  -0.296527E-004
      7.6600    0.000000E+000   0.000000E+000  -0.296503E-004
      7.6700    0.000000E+000   0.000000E+000  -0.296479E-004
      7.6800    0.000000E+000   0.000000E+000  -0.296454E-004
      7.6900    0.000000E+000   0.000000E+000  -0.296430E-004
      7.7000    0.000000E+000   0.000000E+000  -0.296405E-004
      7.7100    0.000000E+000   0.000000E+000  -0.296381E-004
      7.7200    0.000000E+000   0.000000E+000  -0.296356E-004
      7.7300    0.000000E+000   0.000000E+000  -0.296331E-004
      7.7400    0.000000E+000   0.000000E+000  -0.296307E-004
      7.7500    0.000000E+000   0.000000E+000  -0.296282E-004
      7.7600    0.000000E+000   0.000000E+000  -0.296257E-004
      7.7700    0.000000E+000   0.000000E+000  -0.296232E-004
      7.7800    0.000000E+000   0.000000E+000  -0.296207E-004
      7.7900    0.000000E+000   0.000000E+000  -0.296182E-004
      7.8000    0.000000E+000   0.000000E+000  -0.296157E-004
      7.8100    0.000000E+000   0.000000E+000  -0.296132E-004
      7.8200    0.000000E+000   0.000000E+000  -0.296107E-004
      7.8300    0.000000E+000   0.000000E+000  -0.296082E-004
      7.8400    0.000000E+000   0.000000E+000  -0.296057E-004
      7.8500    0.000000E+000   0.000000E+000  -0.296032E-004
      7.8600    0.000000E+000   0.000000E+000  -0.296007E-004
      7.8700    0.000000E+000   0.000000E+000  -0.295982E-004
      7.8800    0.000000E+000   0.000000E+000  -0.295957E-004
      7.8900    0.000000E+000   0.000000E+000  -0.295932E-004
      7.9000    0.000000E+000   0.000000E+000  -0.295907E-004
      7.9100    0.000000E+000   0.000000E+000  -0.295882E-004
      7.9200    0.000000E+000   0.000000E+000  -0.295857E-004
      7.9300    0.000000E+000   0.000000E+000  -0.295833E-004
      7.9400    0.000000E+000   0.000000E+000  -0.295808E-004
      7.9500    0.000000E+000   0.000000E+000  -0.295783E-004
      7.9600    0.000000E+000   0.000000E+000  -0.295758E-004
      7.9700    0.000000E+000   0.000000E+000  -0.295734E-004
      7.9800    0.000000E+000   0.000000E+000  -0.295709E-004
      7.9900    0.000000E+000   0.000000E+000  -0.295685E-004
      8.0000    0.000000E+000   0.000000E+000  -0.295661E-004
      8.0100    0.000000E+000   0.000000E+000  -0.295636E-004
      8.0200    0.000000E+000   0.000000E+000  -0.295612E-004
      8.0300    0.000000E+000   0.000000E+000  -0.295588E-004
      8.0400    0.000000E+000   0.000000E+000  -0.295564E-004
      8.0500    0.000000E+000   0.000000E+000  -0.295540E-004
      8.0600    0.000000E+000   0.000000E+000  -0.295516E-004
      8.0700    0.000000E+000   0.000000E+000  -0.295493E-004
      8.0800    0.000000E+000   0.000000E+000  -0.295469E-004
      8.0900    0.000000E+000   0.000000E+000  -0.295446E-004
      8.1000    0.000000E+000   0.000000E+000  -0.295422E-004
      8.1100    0.000000E+000   0.000000E+000  -0.295399E-004
      8.1200    0.000000E+000   0.000000E+000  -0.295376E-004
      8.1300    0.000000E+000   0.000000E+000  -0.295353E-004
      8.1400    0.000000E+000   0.000000E+000  -0.295330E-004
      8.1500    0.000000E+000   0.000000E+000  -0.295308E-004
      8.1600    0.000000E+000   0.000000E+000  -0.295285E-004
      8.1700    0.000000E+000   0.000000E+000  -0.295263E-004
      8.1800    0.000000E+000   0.000000E+000  -0.295241E-004
      8.1900    0.000000E+000   0.000000E+000  -0.295219E-004
      8.2000    0.000000E+000   0.000000E+000  -0.295197E-004
      8.2100    0.000000E+000   0.000000E+000  -0.295175E-004
      8.2200    0.000000E+000   0.000000E+000  -0.295153E-004
      8.2300    0.000000E+000   0.000000E+000  -0.295132E-004
      8.2400    0.000000E+000   0.000000E+000  -0.295111E-004
      8.2500    0.000000E+000   0.000000E+000  -0.295090E-004
      8.2600    0.000000E+000   0.000000E+000  -0.295069E-004
      8.2700    0.000000E+000   0.000000E+000  -0.295048E-004
      8.2800    0.000000E+000   0.000000E+000  -0.295028E-004
      8.2900    0.000000E+000   0.000000E+000  -0.295008E-004
      8.3000    0.000000E+000   0.000000E+000  -0.294988E-004
      8.3100    0.000000E+000   0.000000E+000  -0.294968E-004
      8.3200    0.000000E+000   0.000000E+000  -0.294948E-004
      8.3300    0.000000E+000   0.000000E+000  -0.294929E-004
      8.3400    0.000000E+000   0.000000E+000  -0.294910E-004
      8.3500    0.000000E+000   0.000000E+000  -0.294891E-004
      8.3600    0.000000E+000   0.000000E+000  -0.294872E-004
      8.3700    0.000000E+000   0.000000E+000  -0.294853E-004
      8.3800    0.000000E+000   0.000000E+000  -0.294835E-004
      8.3900    0.000000E+000   0.000000E+000  -0.294817E-004
      8.4000    0.000000E+000   0.000000E+000  -0.294799E-004
      8.4100    0.000000E+000   0.000000E+000  -0.294781E-004
      8.4200    0.000000E+000   0.000000E+000  -0.294764E-004
      8.4300    0.000000E+000   0.000000E+000  -0.294747E-004
      8.4400    0.000000E+000   0.000000E+000  -0.294730E-004
      8.4500    0.000000E+000   0.000000E+000  -0.294713E-004
      8.4600    0.000000E+000   0.000000E+000  -0.294697E-004
      8.4700    0.000000E+000   0.000000E+000  -0.294680E-004
      8.4800    0.000000E+000   0.000000E+000  -0.294664E-004
      8.4900    0.000000E+000   0.000000E+000  -0.294649E-004
      8.5000    0.000000E+000   0.000000E+000  -0.294633E-004
      8.5100    0.000000E+000   0.000000E+000  -0.294618E-004
      8.5200    0.000000E+000   0.000000E+000  -0.294603E-004
      8.5300    0.000000E+000   0.000000E+000  -0.294588E-004
      8.5400    0.000000E+000   0.000000E+000  -0.294574E-004
      8.5500    0.000000E+000   0.000000E+000  -0.294560E-004
      8.5600    0.000000E+000   0.000000E+000  -0.294546E-004
      8.5700    0.000000E+000   0.000000E+000  -0.294532E-004
      8.5800    0.000000E+000   0.000000E+000  -0.294519E-004
      8.5900    0.000000E+000   0.000000E+000  -0.294506E-004
      8.6000    0.000000E+000   0.000000E+000  -0.294493E-004
      8.6100    0.000000E+000   0.000000E+000  -0.294481E-004
      8.6200    0.000000E+000   0.000000E+000  -0.294469E-004
      8.6300    0.000000E+000   0.000000E+000  -0.294457E-004
      8.6400    0.000000E+000   0.000000E+000  -0.294445E-004
      8.6500    0.000000E+000   0.000000E+000  -0.294434E-004
      8.6600    0.000000E+000   0.000000E+000  -0.294422E-004
      8.6700    0.000000E+000   0.000000E+000  -0.294412E-004
      8.6800    0.000000E+000   0.000000E+000  -0.294401E-004
      8.6900    0.000000E+000   0.000000E+000  -0.294391E-004
      8.7000    0.000000E+000   0.000000E+000  -0.294381E-004
      8.7100    0.000000E+000   0.000000E+000  -0.294371E-004
      8.7200    0.000000E+000   0.000000E+000  -0.294362E-004
      8.7300    0.000000E+000   0.000000E+000  -0.294353E-004
      8.7400    0.000000E+000   0.000000E+000  -0.294344E-004
      8.7500    0.000000E+000   0.000000E+000  -0.294336E-004
      8.7600    0.000000E+000   0.000000E+000  -0.294328E-004
      8.7700    0.000000E+000   0.000000E+000  -0.294320E-004
      8.7800    0.000000E+000   0.000000E+000  -0.294312E-004
      8.7900    0.000000E+000   0.000000E+000  -0.294305E-004
      8.8000    0.000000E+000   0.000000E+000  -0.294298E-004
      8.8100    0.000000E+000   0.000000E+000  -0.294292E-004
      8.8200    0.000000E+000   0.000000E+000  -0.294285E-004
      8.8300    0.000000E+000   0.000000E+000  -0.294279E-004
      8.8400    0.000000E+000   0.000000E+000  -0.294274E-004
      8.8500    0.000000E+000   0.000000E+000  -0.294268E-004
      8.8600    0.000000E+000   0.000000E+000  -0.294263E-004
      8.8700    0.000000E+000   0.000000E+000  -0.294258E-004
      8.8800    0.000000E+000   0.000000E+000  -0.294254E-004
      8.8900    0.000000E+000   0.000000E+000  -0.294250E-004
      8.9000    0.000000E+000   0.000000E+000  -0.294246E-004
      8.9100    0.000000E+000   0.000000E+000  -0.294242E-004
      8.9200    0.000000E+000   0.000000E+000  -0.294239E-004
      8.9300    0.000000E+000   0.000000E+000  -0.294236E-004
      8.9400    0.000000E+000   0.000000E+000  -0.294234E-004
      8.9500    0.000000E+000   0.000000E+000  -0.294232E-004
      8.9600    0.000000E+000   0.000000E+000  -0.294230E-004
      8.9700    0.000000E+000   0.000000E+000  -0.294228E-004
      8.9800    0.000000E+000   0.000000E+000  -0.294227E-004
      8.9900    0.000000E+000   0.000000E+000  -0.294226E-004
      9.0000    0.000000E+000   0.000000E+000  -0.294225E-004
      9.0100    0.000000E+000   0.000000E+000  -0.294225E-004
      9.0200    0.000000E+000   0.000000E+000  -0.294225E-004
      9.0300    0.000000E+000   0.000000E+000  -0.294225E-004
      9.0400    0.000000E+000   0.000000E+000  -0.294226E-004
      9.0500    0.000000E+000   0.000000E+000  -0.294227E-004
      9.0600    0.000000E+000   0.000000E+000  -0.294228E-004
      9.0700    0.000000E+000   0.000000E+000  -0.294229E-004
      9.0800    0.000000E+000   0.000000E+000  -0.294231E-004
      9.0900    0.000000E+000   0.000000E+000  -0.294233E-004
      9.1000    0.000000E+000   0.000000E+000  -0.294236E-004
      9.1100    0.000000E+000   0.000000E+000  -0.294239E-004
      9.1200    0.000000E+000   0.000000E+000  -0.294242E-004
      9.1300    0.000000E+000   0.000000E+000  -0.294245E-004
      9.1400    0.000000E+000   0.000000E+000  -0.294249E-004
      9.1500    0.000000E+000   0.000000E+000  -0.294253E-004
      9.1600    0.000000E+000   0.000000E+000  -0.294258E-004
      9.1700    0.000000E+000   0.000000E+000  -0.294262E-004
      9.1800    0.000000E+000   0.000000E+000  -0.294267E-004
      9.1900    0.000000E+000   0.000000E+000  -0.294273E-004
      9.2000    0.000000E+000   0.000000E+000  -0.294278E-004
      9.2100    0.000000E+000   0.000000E+000  -0.294284E-004
      9.2200    0.000000E+000   0.000000E+000  -0.294291E-004
      9.2300    0.000000E+000   0.000000E+000  -0.294297E-004
      9.2400    0.000000E+000   0.000000E+000  -0.294304E-004
      9.2500    0.000000E+000   0.000000E+000  -0.294311E-004
      9.2600    0.000000E+000   0.000000E+000  -0.294319E-004
      9.2700    0.000000E+000   0.000000E+000  -0.294327E-004
      9.2800    0.000000E+000   0.000000E+000  -0.294335E-004
      9.2900    0.000000E+000   0.000000E+000  -0.294343E-004
      9.3000    0.000000E+000   0.000000E+000  -0.294352E-004
      9.3100    0.000000E+000   0.000000E+000  -0.294361E-004
      9.3200    0.000000E+000   0.000000E+000  -0.294370E-004
      9.3300    0.000000E+000   0.000000E+000  -0.294380E-004
      9.3400    0.000000E+000   0.000000E+000  -0.294390E-004
      9.3500    0.000000E+000   0.000000E+000  -0.294400E-004
      9.3600    0.000000E+000   0.000000E+000  -0.294411E-004
      9.3700    0.000000E+000   0.000000E+000  -0.294422E-004
      9.3800    0.000000E+000   0.000000E+000  -0.294433E-004
      9.3900    0.000000E+000   0.000000E+000  -0.294444E-004
      9.4000    0.000000E+000   0.000000E+000  -0.294456E-004
      9.4100    0.000000E+000   0.000000E+000  -0.294468E-004
      9.4200    0.000000E+000   0.000000E+000  -0.294481E-004
      9.4300    0.000000E+000   0.000000E+000  -0.294493E-004
      9.4400    0.000000E+000   0.000000E+000  -0.294506E-004
      9.4500    0.000000E+000   0.000000E+000  -0.294519E-004
      9.4600    0.000000E+000   0.000000E+000  -0.294533E-004
      9.4700    0.000000E+000   0.000000E+000  -0.294547E-004
      9.4800    0.000000E+000   0.000000E+000  -0.294561E-004
      9.4900    0.000000E+000   0.000000E+000  -0.294575E-004
      9.5000    0.000000E+000   0.000000E+000  -0.294590E-004
      9.5100    0.000000E+000   0.000000E+000  -0.294605E-004
      9.5200    0.000000E+000   0.000000E+000  -0.294620E-004
      9.5300    0.000000E+000   0.000000E+000  -0.294636E-004
      9.5400    0.000000E+000   0.000000E+000  -0.294651E-004
      9.5500    0.000000E+000   0.000000E+000  -0.294667E-004
      9.5600    0.000000E+000   0.000000E+000  -0.294684E-004
      9.5700    0.000000E+000   0.000000E+000  -0.294700E-004
      9.5800    0.000000E+000   0.000000E+000  -0.294717E-004
      9.5900    0.000000E+000   0.000000E+000  -0.294734E-004
      9.6000    0.000000E+000   0.000000E+000  -0.294752E-004
      9.6100    0.000000E+000   0.000000E+000  -0.294770E-004
      9.6200    0.000000E+000   0.000000E+000  -0.294787E-004
      9.6300    0.000000E+000   0.000000E+000  -0.294806E-004
      9.6400    0.000000E+000   0.000000E+000  -0.294824E-004
      9.6500    0.000000E+000   0.000000E+000  -0.294843E-004
      9.6600    0.000000E+000   0.000000E+000  -0.294862E-004
      9.6700    0.000000E+000   0.000000E+000  -0.294881E-004
      9.6800    0.000000E+000   0.000000E+000  -0.294901E-004
      9.6900    0.000000E+000   0.000000E+000  -0.294920E-004
      9.7000    0.000000E+000   0.000000E+000  -0.294940E-004
      9.7100    0.000000E+000   0.000000E+000  -0.294961E-004
      9.7200    0.000000E+000   0.000000E+000  -0.294981E-004
      9.7300    0.000000E+000   0.000000E+000  -0.295002E-004
      9.7400    0.000000E+000   0.000000E+000  -0.295023E-004
      9.7500    0.000000E+000   0.000000E+000  -0.295044E-004
      9.7600    0.000000E+000   0.000000E+000  -0.295065E-004
      9.7700    0.000000E+000   0.000000E+000  -0.295087E-004
      9.7800    0.000000E+000   0.000000E+000  -0.295109E-004
      9.7900    0.000000E+000   0.000000E+000  -0.295131E-004
      9.8000    0.000000E+000   0.000000E+000  -0.295154E-004
      9.8100    0.000000E+000   0.000000E+000  -0.295176E-004
      9.8200    0.000000E+000   0.000000E+000  -0.295199E-004
      9.8300    0.000000E+000   0.000000E+000  -0.295222E-004
      9.8400    0.000000E+000   0.000000E+000  -0.295246E-004
      9.8500    0.000000E+000   0.000000E+000  -0.295269E-004
      9.8600    0.000000E+000   0.000000E+000  -0.295293E-004
      9.8700    0.000000E+000   0.000000E+000  -0.295317E-004
      9.8800    0.000000E+000   0.000000E+000  -0.295341E-004
      9.8900    0.000000E+000   0.000000E+000  -0.295365E-004
      9.9000    0.000000E+000   0.000000E+000  -0.295390E-004
      9.9100    0.000000E+000   0.000000E+000  -0.295415E-004
      9.9200    0.000000E+000   0.000000E+000  -0.295440E-004
      9.9300    0.000000E+000   0.000000E+000  -0.295465E-004
      9.9400    0.000000E+000   0.000000E+000  -0.295490E-004
      9.9500    0.000000E+000   0.000000E+000  -0.295516E-004
      9.9600    0.000000E+000   0.000000E+000  -0.295542E-004
      9.9700    0.000000E+000   0.000000E+000  -0.295568E-004
      9.9800    0.000000E+000   0.000000E+000  -0.295594E-004
      9.9900    0.000000E+000   0.000000E+000  -0.295621E-004
     10.0000    0.000000E+000   0.000000E+000  -0.295647E-004
