      0.0000    0.000000E+000   0.100000E+001   0.100000E+001   0.200000E+001
      0.0100    0.000000E+000   0.999994E+000   0.999994E+000   0.199999E+001
      0.0200    0.000000E+000   0.999978E+000   0.999978E+000   0.199996E+001
      0.0300    0.000000E+000   0.999952E+000   0.999952E+000   0.199990E+001
      0.0400    0.000000E+000   0.999916E+000   0.999916E+000   0.199983E+001
      0.0500    0.000000E+000   0.999872E+000   0.999872E+000   0.199974E+001
      0.0600    0.000000E+000   0.999819E+000   0.999819E+000   0.199964E+001
      0.0700    0.000000E+000   0.999759E+000   0.999759E+000   0.199952E+001
      0.0800    0.000000E+000   0.999691E+000   0.999691E+000   0.199938E+001
      0.0900    0.000000E+000   0.999617E+000   0.999617E+000   0.199923E+001
      0.1000    0.000000E+000   0.999537E+000   0.999537E+000   0.199907E+001
      0.1100    0.000000E+000   0.999450E+000   0.999450E+000   0.199890E+001
      0.1200    0.000000E+000   0.999358E+000   0.999358E+000   0.199872E+001
      0.1300    0.000000E+000   0.999260E+000   0.999260E+000   0.199852E+001
      0.1400    0.000000E+000   0.999158E+000   0.999158E+000   0.199832E+001
      0.1500    0.000000E+000   0.999051E+000   0.999051E+000   0.199810E+001
      0.1600    0.000000E+000   0.998939E+000   0.998939E+000   0.199788E+001
      0.1700    0.000000E+000   0.998822E+000   0.998822E+000   0.199764E+001
      0.1800    0.000000E+000   0.998702E+000   0.998702E+000   0.199740E+001
      0.1900    0.000000E+000   0.998578E+000   0.998578E+000   0.199716E+001
      0.2000    0.000000E+000   0.998450E+000   0.998450E+000   0.199690E+001
      0.2100    0.000000E+000   0.998319E+000   0.998319E+000   0.199664E+001
      0.2200    0.000000E+000   0.998184E+000   0.998184E+000   0.199637E+001
      0.2300    0.000000E+000   0.998046E+000   0.998046E+000   0.199609E+001
      0.2400    0.000000E+000   0.997905E+000   0.997905E+000   0.199581E+001
      0.2500    0.000000E+000   0.997762E+000   0.997762E+000   0.199552E+001
      0.2600    0.000000E+000   0.997615E+000   0.997615E+000   0.199523E+001
      0.2700    0.000000E+000   0.997466E+000   0.997466E+000   0.199493E+001
      0.2800    0.000000E+000   0.997314E+000   0.997314E+000   0.199463E+001
      0.2900    0.000000E+000   0.997160E+000   0.997160E+000   0.199432E+001
      0.3000    0.000000E+000   0.997004E+000   0.997004E+000   0.199401E+001
      0.3100    0.000000E+000   0.996845E+000   0.996845E+000   0.199369E+001
      0.3200    0.000000E+000   0.996684E+000   0.996684E+000   0.199337E+001
      0.3300    0.000000E+000   0.996521E+000   0.996521E+000   0.199304E+001
      0.3400    0.000000E+000   0.996357E+000   0.996357E+000   0.199271E+001
      0.3500    0.000000E+000   0.996190E+000   0.996190E+000   0.199238E+001
      0.3600    0.000000E+000   0.996022E+000   0.996022E+000   0.199204E+001
      0.3700    0.000000E+000   0.995852E+000   0.995852E+000   0.199170E+001
      0.3800    0.000000E+000   0.995680E+000   0.995680E+000   0.199136E+001
      0.3900    0.000000E+000   0.995507E+000   0.995507E+000   0.199101E+001
      0.4000    0.000000E+000   0.995332E+000   0.995332E+000   0.199066E+001
      0.4100    0.000000E+000   0.995156E+000   0.995156E+000   0.199031E+001
      0.4200    0.000000E+000   0.994979E+000   0.994979E+000   0.198996E+001
      0.4300    0.000000E+000   0.994800E+000   0.994800E+000   0.198960E+001
      0.4400    0.000000E+000   0.994620E+000   0.994620E+000   0.198924E+001
      0.4500    0.000000E+000   0.994438E+000   0.994438E+000   0.198888E+001
      0.4600    0.000000E+000   0.994256E+000   0.994256E+000   0.198851E+001
      0.4700    0.000000E+000   0.994072E+000   0.994072E+000   0.198814E+001
      0.4800    0.000000E+000   0.993888E+000   0.993888E+000   0.198778E+001
      0.4900    0.000000E+000   0.993702E+000   0.993702E+000   0.198740E+001
      0.5000    0.000000E+000   0.993515E+000   0.993515E+000   0.198703E+001
      0.5100    0.000000E+000   0.993327E+000   0.993327E+000   0.198665E+001
      0.5200    0.000000E+000   0.993139E+000   0.993139E+000   0.198628E+001
      0.5300    0.000000E+000   0.992949E+000   0.992949E+000   0.198590E+001
      0.5400    0.000000E+000   0.992759E+000   0.992759E+000   0.198552E+001
      0.5500    0.000000E+000   0.992568E+000   0.992568E+000   0.198514E+001
      0.5600    0.000000E+000   0.992376E+000   0.992376E+000   0.198475E+001
      0.5700    0.000000E+000   0.992184E+000   0.992184E+000   0.198437E+001
      0.5800    0.000000E+000   0.991991E+000   0.991991E+000   0.198398E+001
      0.5900    0.000000E+000   0.991797E+000   0.991797E+000   0.198359E+001
      0.6000    0.000000E+000   0.991602E+000   0.991602E+000   0.198320E+001
      0.6100    0.000000E+000   0.991407E+000   0.991407E+000   0.198281E+001
      0.6200    0.000000E+000   0.991211E+000   0.991211E+000   0.198242E+001
      0.6300    0.000000E+000   0.991015E+000   0.991015E+000   0.198203E+001
      0.6400    0.000000E+000   0.990818E+000   0.990818E+000   0.198164E+001
      0.6500    0.000000E+000   0.990621E+000   0.990621E+000   0.198124E+001
      0.6600    0.000000E+000   0.990423E+000   0.990423E+000   0.198085E+001
      0.6700    0.000000E+000   0.990225E+000   0.990225E+000   0.198045E+001
      0.6800    0.000000E+000   0.990026E+000   0.990026E+000   0.198005E+001
      0.6900    0.000000E+000   0.989827E+000   0.989827E+000   0.197965E+001
      0.7000    0.000000E+000   0.989627E+000   0.989627E+000   0.197925E+001
      0.7100    0.000000E+000   0.989427E+000   0.989427E+000   0.197885E+001
      0.7200    0.000000E+000   0.989227E+000   0.989227E+000   0.197845E+001
      0.7300    0.000000E+000   0.989026E+000   0.989026E+000   0.197805E+001
      0.7400    0.000000E+000   0.988825E+000   0.988825E+000   0.197765E+001
      0.7500    0.000000E+000   0.988624E+000   0.988624E+000   0.197725E+001
      0.7600    0.000000E+000   0.988423E+000   0.988423E+000   0.197685E+001
      0.7700    0.000000E+000   0.988221E+000   0.988221E+000   0.197644E+001
      0.7800    0.000000E+000   0.988019E+000   0.988019E+000   0.197604E+001
      0.7900    0.000000E+000   0.987816E+000   0.987816E+000   0.197563E+001
      0.8000    0.000000E+000   0.987614E+000   0.987614E+000   0.197523E+001
      0.8100    0.000000E+000   0.987411E+000   0.987411E+000   0.197482E+001
      0.8200    0.000000E+000   0.987208E+000   0.987208E+000   0.197442E+001
      0.8300    0.000000E+000   0.987005E+000   0.987005E+000   0.197401E+001
      0.8400    0.000000E+000   0.986802E+000   0.986802E+000   0.197360E+001
      0.8500    0.000000E+000   0.986598E+000   0.986598E+000   0.197320E+001
      0.8600    0.000000E+000   0.986394E+000   0.986394E+000   0.197279E+001
      0.8700    0.000000E+000   0.986191E+000   0.986191E+000   0.197238E+001
      0.8800    0.000000E+000   0.985987E+000   0.985987E+000   0.197197E+001
      0.8900    0.000000E+000   0.985783E+000   0.985783E+000   0.197157E+001
      0.9000    0.000000E+000   0.985578E+000   0.985578E+000   0.197116E+001
      0.9100    0.000000E+000   0.985374E+000   0.985374E+000   0.197075E+001
      0.9200    0.000000E+000   0.985170E+000   0.985170E+000   0.197034E+001
      0.9300    0.000000E+000   0.984965E+000   0.984965E+000   0.196993E+001
      0.9400    0.000000E+000   0.984760E+000   0.984760E+000   0.196952E+001
      0.9500    0.000000E+000   0.984556E+000   0.984556E+000   0.196911E+001
      0.9600    0.000000E+000   0.984351E+000   0.984351E+000   0.196870E+001
      0.9700    0.000000E+000   0.984146E+000   0.984146E+000   0.196829E+001
      0.9800    0.000000E+000   0.983941E+000   0.983941E+000   0.196788E+001
      0.9900    0.000000E+000   0.983736E+000   0.983736E+000   0.196747E+001
      1.0000    0.000000E+000   0.983532E+000   0.983532E+000   0.196706E+001
      1.0100    0.000000E+000   0.983327E+000   0.983327E+000   0.196665E+001
      1.0200    0.000000E+000   0.983122E+000   0.983122E+000   0.196624E+001
      1.0300    0.000000E+000   0.982916E+000   0.982916E+000   0.196583E+001
      1.0400    0.000000E+000   0.982711E+000   0.982711E+000   0.196542E+001
      1.0500    0.000000E+000   0.982506E+000   0.982506E+000   0.196501E+001
      1.0600    0.000000E+000   0.982301E+000   0.982301E+000   0.196460E+001
      1.0700    0.000000E+000   0.982096E+000   0.982096E+000   0.196419E+001
      1.0800    0.000000E+000   0.981891E+000   0.981891E+000   0.196378E+001
      1.0900    0.000000E+000   0.981686E+000   0.981686E+000   0.196337E+001
      1.1000    0.000000E+000   0.981481E+000   0.981481E+000   0.196296E+001
      1.1100    0.000000E+000   0.981276E+000   0.981276E+000   0.196255E+001
      1.1200    0.000000E+000   0.981071E+000   0.981071E+000   0.196214E+001
      1.1300    0.000000E+000   0.980866E+000   0.980866E+000   0.196173E+001
      1.1400    0.000000E+000   0.980661E+000   0.980661E+000   0.196132E+001
      1.1500    0.000000E+000   0.980456E+000   0.980456E+000   0.196091E+001
      1.1600    0.000000E+000   0.980251E+000   0.980251E+000   0.196050E+001
      1.1700    0.000000E+000   0.980046E+000   0.980046E+000   0.196009E+001
      1.1800    0.000000E+000   0.979841E+000   0.979841E+000   0.195968E+001
      1.1900    0.000000E+000   0.979636E+000   0.979636E+000   0.195927E+001
      1.2000    0.000000E+000   0.979431E+000   0.979431E+000   0.195886E+001
      1.2100    0.000000E+000   0.979226E+000   0.979226E+000   0.195845E+001
      1.2200    0.000000E+000   0.979022E+000   0.979022E+000   0.195804E+001
      1.2300    0.000000E+000   0.978817E+000   0.978817E+000   0.195763E+001
      1.2400    0.000000E+000   0.978612E+000   0.978612E+000   0.195722E+001
      1.2500    0.000000E+000   0.978408E+000   0.978408E+000   0.195682E+001
      1.2600    0.000000E+000   0.978203E+000   0.978203E+000   0.195641E+001
      1.2700    0.000000E+000   0.977999E+000   0.977999E+000   0.195600E+001
      1.2800    0.000000E+000   0.977794E+000   0.977794E+000   0.195559E+001
      1.2900    0.000000E+000   0.977590E+000   0.977590E+000   0.195518E+001
      1.3000    0.000000E+000   0.977386E+000   0.977386E+000   0.195477E+001
      1.3100    0.000000E+000   0.977181E+000   0.977181E+000   0.195436E+001
      1.3200    0.000000E+000   0.976977E+000   0.976977E+000   0.195395E+001
      1.3300    0.000000E+000   0.976773E+000   0.976773E+000   0.195355E+001
      1.3400    0.000000E+000   0.976569E+000   0.976569E+000   0.195314E+001
      1.3500    0.000000E+000   0.976365E+000   0.976365E+000   0.195273E+001
      1.3600    0.000000E+000   0.976161E+000   0.976161E+000   0.195232E+001
      1.3700    0.000000E+000   0.975957E+000   0.975957E+000   0.195191E+001
      1.3800    0.000000E+000   0.975753E+000   0.975753E+000   0.195151E+001
      1.3900    0.000000E+000   0.975550E+000   0.975550E+000   0.195110E+001
      1.4000    0.000000E+000   0.975346E+000   0.975346E+000   0.195069E+001
      1.4100    0.000000E+000   0.975142E+000   0.975142E+000   0.195028E+001
      1.4200    0.000000E+000   0.974939E+000   0.974939E+000   0.194988E+001
      1.4300    0.000000E+000   0.974735E+000   0.974735E+000   0.194947E+001
      1.4400    0.000000E+000   0.974532E+000   0.974532E+000   0.194906E+001
      1.4500    0.000000E+000   0.974329E+000   0.974329E+000   0.194866E+001
      1.4600    0.000000E+000   0.974125E+000   0.974125E+000   0.194825E+001
      1.4700    0.000000E+000   0.973922E+000   0.973922E+000   0.194784E+001
      1.4800    0.000000E+000   0.973719E+000   0.973719E+000   0.194744E+001
      1.4900    0.000000E+000   0.973516E+000   0.973516E+000   0.194703E+001
      1.5000    0.000000E+000   0.973313E+000   0.973313E+000   0.194663E+001
      1.5100    0.000000E+000   0.973111E+000   0.973111E+000   0.194622E+001
      1.5200    0.000000E+000   0.972908E+000   0.972908E+000   0.194582E+001
      1.5300    0.000000E+000   0.972705E+000   0.972705E+000   0.194541E+001
      1.5400    0.000000E+000   0.972502E+000   0.972502E+000   0.194500E+001
      1.5500    0.000000E+000   0.972300E+000   0.972300E+000   0.194460E+001
      1.5600    0.000000E+000   0.972098E+000   0.972098E+000   0.194420E+001
      1.5700    0.000000E+000   0.971895E+000   0.971895E+000   0.194379E+001
      1.5800    0.000000E+000   0.971693E+000   0.971693E+000   0.194339E+001
      1.5900    0.000000E+000   0.971491E+000   0.971491E+000   0.194298E+001
      1.6000    0.000000E+000   0.971289E+000   0.971289E+000   0.194258E+001
      1.6100    0.000000E+000   0.971087E+000   0.971087E+000   0.194217E+001
      1.6200    0.000000E+000   0.970885E+000   0.970885E+000   0.194177E+001
      1.6300    0.000000E+000   0.970683E+000   0.970683E+000   0.194137E+001
      1.6400    0.000000E+000   0.970481E+000   0.970481E+000   0.194096E+001
      1.6500    0.000000E+000   0.970279E+000   0.970279E+000   0.194056E+001
      1.6600    0.000000E+000   0.970078E+000   0.970078E+000   0.194016E+001
      1.6700    0.000000E+000   0.969876E+000   0.969876E+000   0.193975E+001
      1.6800    0.000000E+000   0.969675E+000   0.969675E+000   0.193935E+001
      1.6900    0.000000E+000   0.969473E+000   0.969473E+000   0.193895E+001
      1.7000    0.000000E+000   0.969272E+000   0.969272E+000   0.193854E+001
      1.7100    0.000000E+000   0.969071E+000   0.969071E+000   0.193814E+001
      1.7200    0.000000E+000   0.968870E+000   0.968870E+000   0.193774E+001
      1.7300    0.000000E+000   0.968669E+000   0.968669E+000   0.193734E+001
      1.7400    0.000000E+000   0.968468E+000   0.968468E+000   0.193694E+001
      1.7500    0.000000E+000   0.968267E+000   0.968267E+000   0.193653E+001
      1.7600    0.000000E+000   0.968066E+000   0.968066E+000   0.193613E+001
      1.7700    0.000000E+000   0.967865E+000   0.967865E+000   0.193573E+001
      1.7800    0.000000E+000   0.967665E+000   0.967665E+000   0.193533E+001
      1.7900    0.000000E+000   0.967464E+000   0.967464E+000   0.193493E+001
      1.8000    0.000000E+000   0.967264E+000   0.967264E+000   0.193453E+001
      1.8100    0.000000E+000   0.967064E+000   0.967064E+000   0.193413E+001
      1.8200    0.000000E+000   0.966863E+000   0.966863E+000   0.193373E+001
      1.8300    0.000000E+000   0.966663E+000   0.966663E+000   0.193333E+001
      1.8400    0.000000E+000   0.966463E+000   0.966463E+000   0.193293E+001
      1.8500    0.000000E+000   0.966263E+000   0.966263E+000   0.193253E+001
      1.8600    0.000000E+000   0.966063E+000   0.966063E+000   0.193213E+001
      1.8700    0.000000E+000   0.965863E+000   0.965863E+000   0.193173E+001
      1.8800    0.000000E+000   0.965664E+000   0.965664E+000   0.193133E+001
      1.8900    0.000000E+000   0.965464E+000   0.965464E+000   0.193093E+001
      1.9000    0.000000E+000   0.965264E+000   0.965264E+000   0.193053E+001
      1.9100    0.000000E+000   0.965065E+000   0.965065E+000   0.193013E+001
      1.9200    0.000000E+000   0.964865E+000   0.964865E+000   0.192973E+001
      1.9300    0.000000E+000   0.964666E+000   0.964666E+000   0.192933E+001
      1.9400    0.000000E+000   0.964467E+000   0.964467E+000   0.192893E+001
      1.9500    0.000000E+000   0.964268E+000   0.964268E+000   0.192854E+001
      1.9600    0.000000E+000   0.964069E+000   0.964069E+000   0.192814E+001
      1.9700    0.000000E+000   0.963870E+000   0.963870E+000   0.192774E+001
      1.9800    0.000000E+000   0.963671E+000   0.963671E+000   0.192734E+001
      1.9900    0.000000E+000   0.963472E+000   0.963472E+000   0.192694E+001
      2.0000    0.000000E+000   0.963273E+000   0.963273E+000   0.192655E+001
      2.0100    0.000000E+000   0.963074E+000   0.963074E+000   0.192615E+001
      2.0200    0.000000E+000   0.962876E+000   0.962876E+000   0.192575E+001
      2.0300    0.000000E+000   0.962677E+000   0.962677E+000   0.192535E+001
      2.0400    0.000000E+000   0.962479E+000   0.962479E+000   0.192496E+001
      2.0500    0.000000E+000   0.962281E+000   0.962281E+000   0.192456E+001
      2.0600    0.000000E+000   0.962082E+000   0.962082E+000   0.192416E+001
      2.0700    0.000000E+000   0.961884E+000   0.961884E+000   0.192377E+001
      2.0800    0.000000E+000   0.961686E+000   0.961686E+000   0.192337E+001
      2.0900    0.000000E+000   0.961488E+000   0.961488E+000   0.192298E+001
      2.1000    0.000000E+000   0.961290E+000   0.961290E+000   0.192258E+001
      2.1100    0.000000E+000   0.961093E+000   0.961093E+000   0.192219E+001
      2.1200    0.000000E+000   0.960895E+000   0.960895E+000   0.192179E+001
      2.1300    0.000000E+000   0.960697E+000   0.960697E+000   0.192139E+001
      2.1400    0.000000E+000   0.960500E+000   0.960500E+000   0.192100E+001
      2.1500    0.000000E+000   0.960302E+000   0.960302E+000   0.192060E+001
      2.1600    0.000000E+000   0.960105E+000   0.960105E+000   0.192021E+001
      2.1700    0.000000E+000   0.959908E+000   0.959908E+000   0.191982E+001
      2.1800    0.000000E+000   0.959710E+000   0.959710E+000   0.191942E+001
      2.1900    0.000000E+000   0.959513E+000   0.959513E+000   0.191903E+001
      2.2000    0.000000E+000   0.959316E+000   0.959316E+000   0.191863E+001
      2.2100    0.000000E+000   0.959119E+000   0.959119E+000   0.191824E+001
      2.2200    0.000000E+000   0.958922E+000   0.958922E+000   0.191784E+001
      2.2300    0.000000E+000   0.958726E+000   0.958726E+000   0.191745E+001
      2.2400    0.000000E+000   0.958529E+000   0.958529E+000   0.191706E+001
      2.2500    0.000000E+000   0.958332E+000   0.958332E+000   0.191666E+001
      2.2600    0.000000E+000   0.958136E+000   0.958136E+000   0.191627E+001
      2.2700    0.000000E+000   0.957939E+000   0.957939E+000   0.191588E+001
      2.2800    0.000000E+000   0.957743E+000   0.957743E+000   0.191549E+001
      2.2900    0.000000E+000   0.957547E+000   0.957547E+000   0.191509E+001
      2.3000    0.000000E+000   0.957351E+000   0.957351E+000   0.191470E+001
      2.3100    0.000000E+000   0.957155E+000   0.957155E+000   0.191431E+001
      2.3200    0.000000E+000   0.956958E+000   0.956958E+000   0.191392E+001
      2.3300    0.000000E+000   0.956763E+000   0.956763E+000   0.191353E+001
      2.3400    0.000000E+000   0.956567E+000   0.956567E+000   0.191313E+001
      2.3500    0.000000E+000   0.956371E+000   0.956371E+000   0.191274E+001
      2.3600    0.000000E+000   0.956175E+000   0.956175E+000   0.191235E+001
      2.3700    0.000000E+000   0.955980E+000   0.955980E+000   0.191196E+001
      2.3800    0.000000E+000   0.955784E+000   0.955784E+000   0.191157E+001
      2.3900    0.000000E+000   0.955589E+000   0.955589E+000   0.191118E+001
      2.4000    0.000000E+000   0.955393E+000   0.955393E+000   0.191079E+001
      2.4100    0.000000E+000   0.955198E+000   0.955198E+000   0.191040E+001
      2.4200    0.000000E+000   0.955003E+000   0.955003E+000   0.191001E+001
      2.4300    0.000000E+000   0.954808E+000   0.954808E+000   0.190962E+001
      2.4400    0.000000E+000   0.954613E+000   0.954613E+000   0.190923E+001
      2.4500    0.000000E+000   0.954418E+000   0.954418E+000   0.190884E+001
      2.4600    0.000000E+000   0.954223E+000   0.954223E+000   0.190845E+001
      2.4700    0.000000E+000   0.954028E+000   0.954028E+000   0.190806E+001
      2.4800    0.000000E+000   0.953834E+000   0.953834E+000   0.190767E+001
      2.4900    0.000000E+000   0.953639E+000   0.953639E+000   0.190728E+001
      2.5000    0.000000E+000   0.953444E+000   0.953444E+000   0.190689E+001
      2.5100    0.000000E+000   0.953250E+000   0.953250E+000   0.190650E+001
      2.5200    0.000000E+000   0.953056E+000   0.953056E+000   0.190611E+001
      2.5300    0.000000E+000   0.952861E+000   0.952861E+000   0.190572E+001
      2.5400    0.000000E+000   0.952667E+000   0.952667E+000   0.190533E+001
      2.5500    0.000000E+000   0.952473E+000   0.952473E+000   0.190495E+001
      2.5600    0.000000E+000   0.952279E+000   0.952279E+000   0.190456E+001
      2.5700    0.000000E+000   0.952085E+000   0.952085E+000   0.190417E+001
      2.5800    0.000000E+000   0.951891E+000   0.951891E+000   0.190378E+001
      2.5900    0.000000E+000   0.951698E+000   0.951698E+000   0.190340E+001
      2.6000    0.000000E+000   0.951504E+000   0.951504E+000   0.190301E+001
      2.6100    0.000000E+000   0.951310E+000   0.951310E+000   0.190262E+001
      2.6200    0.000000E+000   0.951117E+000   0.951117E+000   0.190223E+001
      2.6300    0.000000E+000   0.950923E+000   0.950923E+000   0.190185E+001
      2.6400    0.000000E+000   0.950730E+000   0.950730E+000   0.190146E+001
      2.6500    0.000000E+000   0.950537E+000   0.950537E+000   0.190107E+001
      2.6600    0.000000E+000   0.950344E+000   0.950344E+000   0.190069E+001
      2.6700    0.000000E+000   0.950150E+000   0.950150E+000   0.190030E+001
      2.6800    0.000000E+000   0.949957E+000   0.949957E+000   0.189991E+001
      2.6900    0.000000E+000   0.949765E+000   0.949765E+000   0.189953E+001
      2.7000    0.000000E+000   0.949572E+000   0.949572E+000   0.189914E+001
      2.7100    0.000000E+000   0.949379E+000   0.949379E+000   0.189876E+001
      2.7200    0.000000E+000   0.949186E+000   0.949186E+000   0.189837E+001
      2.7300    0.000000E+000   0.948994E+000   0.948994E+000   0.189799E+001
      2.7400    0.000000E+000   0.948801E+000   0.948801E+000   0.189760E+001
      2.7500    0.000000E+000   0.948609E+000   0.948609E+000   0.189722E+001
      2.7600    0.000000E+000   0.948416E+000   0.948416E+000   0.189683E+001
      2.7700    0.000000E+000   0.948224E+000   0.948224E+000   0.189645E+001
      2.7800    0.000000E+000   0.948032E+000   0.948032E+000   0.189606E+001
      2.7900    0.000000E+000   0.947840E+000   0.947840E+000   0.189568E+001
      2.8000    0.000000E+000   0.947648E+000   0.947648E+000   0.189530E+001
      2.8100    0.000000E+000   0.947456E+000   0.947456E+000   0.189491E+001
      2.8200    0.000000E+000   0.947264E+000   0.947264E+000   0.189453E+001
      2.8300    0.000000E+000   0.947072E+000   0.947072E+000   0.189414E+001
      2.8400    0.000000E+000   0.946880E+000   0.946880E+000   0.189376E+001
      2.8500    0.000000E+000   0.946689E+000   0.946689E+000   0.189338E+001
      2.8600    0.000000E+000   0.946497E+000   0.946497E+000   0.189299E+001
      2.8700    0.000000E+000   0.946306E+000   0.946306E+000   0.189261E+001
      2.8800    0.000000E+000   0.946114E+000   0.946114E+000   0.189223E+001
      2.8900    0.000000E+000   0.945923E+000   0.945923E+000   0.189185E+001
      2.9000    0.000000E+000   0.945732E+000   0.945732E+000   0.189146E+001
      2.9100    0.000000E+000   0.945541E+000   0.945541E+000   0.189108E+001
      2.9200    0.000000E+000   0.945350E+000   0.945350E+000   0.189070E+001
      2.9300    0.000000E+000   0.945159E+000   0.945159E+000   0.189032E+001
      2.9400    0.000000E+000   0.944968E+000   0.944968E+000   0.188994E+001
      2.9500    0.000000E+000   0.944777E+000   0.944777E+000   0.188955E+001
      2.9600    0.000000E+000   0.944586E+000   0.944586E+000   0.188917E+001
      2.9700    0.000000E+000   0.944396E+000   0.944396E+000   0.188879E+001
      2.9800    0.000000E+000   0.944205E+000   0.944205E+000   0.188841E+001
      2.9900    0.000000E+000   0.944015E+000   0.944015E+000   0.188803E+001
      3.0000    0.000000E+000   0.943824E+000   0.943824E+000   0.188765E+001
      3.0100    0.000000E+000   0.943634E+000   0.943634E+000   0.188727E+001
      3.0200    0.000000E+000   0.943444E+000   0.943444E+000   0.188689E+001
      3.0300    0.000000E+000   0.943254E+000   0.943254E+000   0.188651E+001
      3.0400    0.000000E+000   0.943064E+000   0.943064E+000   0.188613E+001
      3.0500    0.000000E+000   0.942874E+000   0.942874E+000   0.188575E+001
      3.0600    0.000000E+000   0.942684E+000   0.942684E+000   0.188537E+001
      3.0700    0.000000E+000   0.942494E+000   0.942494E+000   0.188499E+001
      3.0800    0.000000E+000   0.942304E+000   0.942304E+000   0.188461E+001
      3.0900    0.000000E+000   0.942115E+000   0.942115E+000   0.188423E+001
      3.1000    0.000000E+000   0.941925E+000   0.941925E+000   0.188385E+001
      3.1100    0.000000E+000   0.941736E+000   0.941736E+000   0.188347E+001
      3.1200    0.000000E+000   0.941546E+000   0.941546E+000   0.188309E+001
      3.1300    0.000000E+000   0.941357E+000   0.941357E+000   0.188271E+001
      3.1400    0.000000E+000   0.941168E+000   0.941168E+000   0.188234E+001
      3.1500    0.000000E+000   0.940978E+000   0.940978E+000   0.188196E+001
      3.1600    0.000000E+000   0.940789E+000   0.940789E+000   0.188158E+001
      3.1700    0.000000E+000   0.940600E+000   0.940600E+000   0.188120E+001
      3.1800    0.000000E+000   0.940411E+000   0.940411E+000   0.188082E+001
      3.1900    0.000000E+000   0.940223E+000   0.940223E+000   0.188045E+001
      3.2000    0.000000E+000   0.940034E+000   0.940034E+000   0.188007E+001
      3.2100    0.000000E+000   0.939845E+000   0.939845E+000   0.187969E+001
      3.2200    0.000000E+000   0.939657E+000   0.939657E+000   0.187931E+001
      3.2300    0.000000E+000   0.939468E+000   0.939468E+000   0.187894E+001
      3.2400    0.000000E+000   0.939280E+000   0.939280E+000   0.187856E+001
      3.2500    0.000000E+000   0.939091E+000   0.939091E+000   0.187818E+001
      3.2600    0.000000E+000   0.938903E+000   0.938903E+000   0.187781E+001
      3.2700    0.000000E+000   0.938715E+000   0.938715E+000   0.187743E+001
      3.2800    0.000000E+000   0.938527E+000   0.938527E+000   0.187705E+001
      3.2900    0.000000E+000   0.938339E+000   0.938339E+000   0.187668E+001
      3.3000    0.000000E+000   0.938151E+000   0.938151E+000   0.187630E+001
      3.3100    0.000000E+000   0.937963E+000   0.937963E+000   0.187593E+001
      3.3200    0.000000E+000   0.937775E+000   0.937775E+000   0.187555E+001
      3.3300    0.000000E+000   0.937587E+000   0.937587E+000   0.187517E+001
      3.3400    0.000000E+000   0.937400E+000   0.937400E+000   0.187480E+001
      3.3500    0.000000E+000   0.937212E+000   0.937212E+000   0.187442E+001
      3.3600    0.000000E+000   0.937025E+000   0.937025E+000   0.187405E+001
      3.3700    0.000000E+000   0.936837E+000   0.936837E+000   0.187367E+001
      3.3800    0.000000E+000   0.936650E+000   0.936650E+000   0.187330E+001
      3.3900    0.000000E+000   0.936463E+000   0.936463E+000   0.187293E+001
      3.4000    0.000000E+000   0.936276E+000   0.936276E+000   0.187255E+001
      3.4100    0.000000E+000   0.936089E+000   0.936089E+000   0.187218E+001
      3.4200    0.000000E+000   0.935902E+000   0.935902E+000   0.187180E+001
      3.4300    0.000000E+000   0.935715E+000   0.935715E+000   0.187143E+001
      3.4400    0.000000E+000   0.935528E+000   0.935528E+000   0.187106E+001
      3.4500    0.000000E+000   0.935341E+000   0.935341E+000   0.187068E+001
      3.4600    0.000000E+000   0.935154E+000   0.935154E+000   0.187031E+001
      3.4700    0.000000E+000   0.934968E+000   0.934968E+000   0.186994E+001
      3.4800    0.000000E+000   0.934781E+000   0.934781E+000   0.186956E+001
      3.4900    0.000000E+000   0.934595E+000   0.934595E+000   0.186919E+001
      3.5000    0.000000E+000   0.934409E+000   0.934409E+000   0.186882E+001
      3.5100    0.000000E+000   0.934222E+000   0.934222E+000   0.186844E+001
      3.5200    0.000000E+000   0.934036E+000   0.934036E+000   0.186807E+001
      3.5300    0.000000E+000   0.933850E+000   0.933850E+000   0.186770E+001
      3.5400    0.000000E+000   0.933664E+000   0.933664E+000   0.186733E+001
      3.5500    0.000000E+000   0.933478E+000   0.933478E+000   0.186696E+001
      3.5600    0.000000E+000   0.933292E+000   0.933292E+000   0.186658E+001
      3.5700    0.000000E+000   0.933106E+000   0.933106E+000   0.186621E+001
      3.5800    0.000000E+000   0.932921E+000   0.932921E+000   0.186584E+001
      3.5900    0.000000E+000   0.932735E+000   0.932735E+000   0.186547E+001
      3.6000    0.000000E+000   0.932550E+000   0.932550E+000   0.186510E+001
      3.6100    0.000000E+000   0.932364E+000   0.932364E+000   0.186473E+001
      3.6200    0.000000E+000   0.932179E+000   0.932179E+000   0.186436E+001
      3.6300    0.000000E+000   0.931993E+000   0.931993E+000   0.186399E+001
      3.6400    0.000000E+000   0.931808E+000   0.931808E+000   0.186362E+001
      3.6500    0.000000E+000   0.931623E+000   0.931623E+000   0.186325E+001
      3.6600    0.000000E+000   0.931438E+000   0.931438E+000   0.186288E+001
      3.6700    0.000000E+000   0.931253E+000   0.931253E+000   0.186251E+001
      3.6800    0.000000E+000   0.931068E+000   0.931068E+000   0.186214E+001
      3.6900    0.000000E+000   0.930883E+000   0.930883E+000   0.186177E+001
      3.7000    0.000000E+000   0.930698E+000   0.930698E+000   0.186140E+001
      3.7100    0.000000E+000   0.930514E+000   0.930514E+000   0.186103E+001
      3.7200    0.000000E+000   0.930329E+000   0.930329E+000   0.186066E+001
      3.7300    0.000000E+000   0.930145E+000   0.930145E+000   0.186029E+001
      3.7400    0.000000E+000   0.929960E+000   0.929960E+000   0.185992E+001
      3.7500    0.000000E+000   0.929776E+000   0.929776E+000   0.185955E+001
      3.7600    0.000000E+000   0.929592E+000   0.929592E+000   0.185918E+001
      3.7700    0.000000E+000   0.929407E+000   0.929407E+000   0.185881E+001
      3.7800    0.000000E+000   0.929223E+000   0.929223E+000   0.185845E+001
      3.7900    0.000000E+000   0.929039E+000   0.929039E+000   0.185808E+001
      3.8000    0.000000E+000   0.928855E+000   0.928855E+000   0.185771E+001
      3.8100    0.000000E+000   0.928671E+000   0.928671E+000   0.185734E+001
      3.8200    0.000000E+000   0.928488E+000   0.928488E+000   0.185698E+001
      3.8300    0.000000E+000   0.928304E+000   0.928304E+000   0.185661E+001
      3.8400    0.000000E+000   0.928120E+000   0.928120E+000   0.185624E+001
      3.8500    0.000000E+000   0.927937E+000   0.927937E+000   0.185587E+001
      3.8600    0.000000E+000   0.927753E+000   0.927753E+000   0.185551E+001
      3.8700    0.000000E+000   0.927570E+000   0.927570E+000   0.185514E+001
      3.8800    0.000000E+000   0.927386E+000   0.927386E+000   0.185477E+001
      3.8900    0.000000E+000   0.927203E+000   0.927203E+000   0.185441E+001
      3.9000    0.000000E+000   0.927020E+000   0.927020E+000   0.185404E+001
      3.9100    0.000000E+000   0.926837E+000   0.926837E+000   0.185367E+001
      3.9200    0.000000E+000   0.926654E+000   0.926654E+000   0.185331E+001
      3.9300    0.000000E+000   0.926471E+000   0.926471E+000   0.185294E+001
      3.9400    0.000000E+000   0.926288E+000   0.926288E+000   0.185258E+001
      3.9500    0.000000E+000   0.926105E+000   0.926105E+000   0.185221E+001
      3.9600    0.000000E+000   0.925923E+000   0.925923E+000   0.185185E+001
      3.9700    0.000000E+000   0.925740E+000   0.925740E+000   0.185148E+001
      3.9800    0.000000E+000   0.925557E+000   0.925557E+000   0.185111E+001
      3.9900    0.000000E+000   0.925375E+000   0.925375E+000   0.185075E+001
      4.0000    0.000000E+000   0.925192E+000   0.925192E+000   0.185038E+001
      4.0100    0.000000E+000   0.925010E+000   0.925010E+000   0.185002E+001
      4.0200    0.000000E+000   0.924828E+000   0.924828E+000   0.184966E+001
      4.0300    0.000000E+000   0.924646E+000   0.924646E+000   0.184929E+001
      4.0400    0.000000E+000   0.924464E+000   0.924464E+000   0.184893E+001
      4.0500    0.000000E+000   0.924282E+000   0.924282E+000   0.184856E+001
      4.0600    0.000000E+000   0.924100E+000   0.924100E+000   0.184820E+001
      4.0700    0.000000E+000   0.923918E+000   0.923918E+000   0.184784E+001
      4.0800    0.000000E+000   0.923736E+000   0.923736E+000   0.184747E+001
      4.0900    0.000000E+000   0.923554E+000   0.923554E+000   0.184711E+001
      4.1000    0.000000E+000   0.923373E+000   0.923373E+000   0.184675E+001
      4.1100    0.000000E+000   0.923191E+000   0.923191E+000   0.184638E+001
      4.1200    0.000000E+000   0.923010E+000   0.923010E+000   0.184602E+001
      4.1300    0.000000E+000   0.922828E+000   0.922828E+000   0.184566E+001
      4.1400    0.000000E+000   0.922647E+000   0.922647E+000   0.184529E+001
      4.1500    0.000000E+000   0.922466E+000   0.922466E+000   0.184493E+001
      4.1600    0.000000E+000   0.922285E+000   0.922285E+000   0.184457E+001
      4.1700    0.000000E+000   0.922104E+000   0.922104E+000   0.184421E+001
      4.1800    0.000000E+000   0.921923E+000   0.921923E+000   0.184385E+001
      4.1900    0.000000E+000   0.921742E+000   0.921742E+000   0.184348E+001
      4.2000    0.000000E+000   0.921561E+000   0.921561E+000   0.184312E+001
      4.2100    0.000000E+000   0.921380E+000   0.921380E+000   0.184276E+001
      4.2200    0.000000E+000   0.921200E+000   0.921200E+000   0.184240E+001
      4.2300    0.000000E+000   0.921019E+000   0.921019E+000   0.184204E+001
      4.2400    0.000000E+000   0.920838E+000   0.920838E+000   0.184168E+001
      4.2500    0.000000E+000   0.920658E+000   0.920658E+000   0.184132E+001
      4.2600    0.000000E+000   0.920478E+000   0.920478E+000   0.184096E+001
      4.2700    0.000000E+000   0.920297E+000   0.920297E+000   0.184059E+001
      4.2800    0.000000E+000   0.920117E+000   0.920117E+000   0.184023E+001
      4.2900    0.000000E+000   0.919937E+000   0.919937E+000   0.183987E+001
      4.3000    0.000000E+000   0.919757E+000   0.919757E+000   0.183951E+001
      4.3100    0.000000E+000   0.919577E+000   0.919577E+000   0.183915E+001
      4.3200    0.000000E+000   0.919397E+000   0.919397E+000   0.183879E+001
      4.3300    0.000000E+000   0.919217E+000   0.919217E+000   0.183843E+001
      4.3400    0.000000E+000   0.919037E+000   0.919037E+000   0.183807E+001
      4.3500    0.000000E+000   0.918858E+000   0.918858E+000   0.183772E+001
      4.3600    0.000000E+000   0.918678E+000   0.918678E+000   0.183736E+001
      4.3700    0.000000E+000   0.918499E+000   0.918499E+000   0.183700E+001
      4.3800    0.000000E+000   0.918319E+000   0.918319E+000   0.183664E+001
      4.3900    0.000000E+000   0.918140E+000   0.918140E+000   0.183628E+001
      4.4000    0.000000E+000   0.917961E+000   0.917961E+000   0.183592E+001
      4.4100    0.000000E+000   0.917781E+000   0.917781E+000   0.183556E+001
      4.4200    0.000000E+000   0.917602E+000   0.917602E+000   0.183520E+001
      4.4300    0.000000E+000   0.917423E+000   0.917423E+000   0.183485E+001
      4.4400    0.000000E+000   0.917244E+000   0.917244E+000   0.183449E+001
      4.4500    0.000000E+000   0.917065E+000   0.917065E+000   0.183413E+001
      4.4600    0.000000E+000   0.916886E+000   0.916886E+000   0.183377E+001
      4.4700    0.000000E+000   0.916708E+000   0.916708E+000   0.183342E+001
      4.4800    0.000000E+000   0.916529E+000   0.916529E+000   0.183306E+001
      4.4900    0.000000E+000   0.916350E+000   0.916350E+000   0.183270E+001
      4.5000    0.000000E+000   0.916172E+000   0.916172E+000   0.183234E+001
      4.5100    0.000000E+000   0.915993E+000   0.915993E+000   0.183199E+001
      4.5200    0.000000E+000   0.915815E+000   0.915815E+000   0.183163E+001
      4.5300    0.000000E+000   0.915637E+000   0.915637E+000   0.183127E+001
      4.5400    0.000000E+000   0.915459E+000   0.915459E+000   0.183092E+001
      4.5500    0.000000E+000   0.915280E+000   0.915280E+000   0.183056E+001
      4.5600    0.000000E+000   0.915102E+000   0.915102E+000   0.183020E+001
      4.5700    0.000000E+000   0.914924E+000   0.914924E+000   0.182985E+001
      4.5800    0.000000E+000   0.914746E+000   0.914746E+000   0.182949E+001
      4.5900    0.000000E+000   0.914569E+000   0.914569E+000   0.182914E+001
      4.6000    0.000000E+000   0.914391E+000   0.914391E+000   0.182878E+001
      4.6100    0.000000E+000   0.914213E+000   0.914213E+000   0.182843E+001
      4.6200    0.000000E+000   0.914036E+000   0.914036E+000   0.182807E+001
      4.6300    0.000000E+000   0.913858E+000   0.913858E+000   0.182772E+001
      4.6400    0.000000E+000   0.913681E+000   0.913681E+000   0.182736E+001
      4.6500    0.000000E+000   0.913503E+000   0.913503E+000   0.182701E+001
      4.6600    0.000000E+000   0.913326E+000   0.913326E+000   0.182665E+001
      4.6700    0.000000E+000   0.913149E+000   0.913149E+000   0.182630E+001
      4.6800    0.000000E+000   0.912972E+000   0.912972E+000   0.182594E+001
      4.6900    0.000000E+000   0.912794E+000   0.912794E+000   0.182559E+001
      4.7000    0.000000E+000   0.912617E+000   0.912617E+000   0.182523E+001
      4.7100    0.000000E+000   0.912441E+000   0.912441E+000   0.182488E+001
      4.7200    0.000000E+000   0.912264E+000   0.912264E+000   0.182453E+001
      4.7300    0.000000E+000   0.912087E+000   0.912087E+000   0.182417E+001
      4.7400    0.000000E+000   0.911910E+000   0.911910E+000   0.182382E+001
      4.7500    0.000000E+000   0.911734E+000   0.911734E+000   0.182347E+001
      4.7600    0.000000E+000   0.911557E+000   0.911557E+000   0.182311E+001
      4.7700    0.000000E+000   0.911381E+000   0.911381E+000   0.182276E+001
      4.7800    0.000000E+000   0.911204E+000   0.911204E+000   0.182241E+001
      4.7900    0.000000E+000   0.911028E+000   0.911028E+000   0.182206E+001
      4.8000    0.000000E+000   0.910852E+000   0.910852E+000   0.182170E+001
      4.8100    0.000000E+000   0.910675E+000   0.910675E+000   0.182135E+001
      4.8200    0.000000E+000   0.910499E+000   0.910499E+000   0.182100E+001
      4.8300    0.000000E+000   0.910323E+000   0.910323E+000   0.182065E+001
      4.8400    0.000000E+000   0.910147E+000   0.910147E+000   0.182029E+001
      4.8500    0.000000E+000   0.909972E+000   0.909972E+000   0.181994E+001
      4.8600    0.000000E+000   0.909796E+000   0.909796E+000   0.181959E+001
      4.8700    0.000000E+000   0.909620E+000   0.909620E+000   0.181924E+001
      4.8800    0.000000E+000   0.909444E+000   0.909444E+000   0.181889E+001
      4.8900    0.000000E+000   0.909269E+000   0.909269E+000   0.181854E+001
      4.9000    0.000000E+000   0.909093E+000   0.909093E+000   0.181819E+001
      4.9100    0.000000E+000   0.908918E+000   0.908918E+000   0.181784E+001
      4.9200    0.000000E+000   0.908743E+000   0.908743E+000   0.181749E+001
      4.9300    0.000000E+000   0.908567E+000   0.908567E+000   0.181713E+001
      4.9400    0.000000E+000   0.908392E+000   0.908392E+000   0.181678E+001
      4.9500    0.000000E+000   0.908217E+000   0.908217E+000   0.181643E+001
      4.9600    0.000000E+000   0.908042E+000   0.908042E+000   0.181608E+001
      4.9700    0.000000E+000   0.907867E+000   0.907867E+000   0.181573E+001
      4.9800    0.000000E+000   0.907692E+000   0.907692E+000   0.181538E+001
      4.9900    0.000000E+000   0.907517E+000   0.907517E+000   0.181503E+001
      5.0000    0.000000E+000   0.907343E+000   0.907343E+000   0.181469E+001
      5.0100    0.000000E+000   0.907168E+000   0.907168E+000   0.181434E+001
      5.0200    0.000000E+000   0.906993E+000   0.906993E+000   0.181399E+001
      5.0300    0.000000E+000   0.906819E+000   0.906819E+000   0.181364E+001
      5.0400    0.000000E+000   0.906644E+000   0.906644E+000   0.181329E+001
      5.0500    0.000000E+000   0.906470E+000   0.906470E+000   0.181294E+001
      5.0600    0.000000E+000   0.906296E+000   0.906296E+000   0.181259E+001
      5.0700    0.000000E+000   0.906122E+000   0.906122E+000   0.181224E+001
      5.0800    0.000000E+000   0.905947E+000   0.905947E+000   0.181189E+001
      5.0900    0.000000E+000   0.905773E+000   0.905773E+000   0.181155E+001
      5.1000    0.000000E+000   0.905599E+000   0.905599E+000   0.181120E+001
