=========================================================================================================================
	itype_psf	 |	T(in eV)	|	T(in Kelvin)	|	error(%)	|	num of poles	
=========================================================================================================================
	   1 		 | 	  0.001		|	  11.60451	|	 0.155		|	    13
	   2 		 |	  0.01		|	  116.0451	|	 0.176		|	     8
	   3		 |	  0.02		|	  232.0902	|	 0.113		|	     8
	   4		 |	  0.00064	|	  7.426886	|	 0.102		|	    19
	   5		 |	  0.005		|	  58.02259	|	 0.184		|	     9
	   6		 |	  0.0025	|	  29.01123	|	 0.264		|	    12
	   7		 |	  0.002		|	  23.20904	|	 0.242		|	    12
	   8		 |	  0.025		|	  290.1130	|	 0.112		|	     8
	   9		 |	  0.024		|	  278.5084	|	 0.111 		|	     8
	  10		 |	  0.022		|	  255.2994	|	 0.110 		|	     8
	  11		 |	  0.018		|	  208.8813	|	 0.125 		|	     8
	  12		 |	  0.016		|	  185.6723	|	 0.143 		|	     8
	  13		 |	  0.014		|	  162.4633	|	 0.164 		|	     8
	  14		 |	  0.012		|	  139.2542	|	 0.180 		|	     8
	  15		 |	  0.009		|	  104.4407	|	 0.164 		|	     8
	  16		 |	  0.008		|	  92.83614	|	 0.149 		|	     9
	  17		 |	  0.007		|	  81.23163	|	 0.116 		|	     9
	  18		 |	  0.006		|	  69.62711	|	 0.123 		|	     9
	  19		 |	  0.0045	|	  52.22033	|	 0.220 		|	     9
	  20		 |	  0.004		|	  46.41807	|	 0.252 		|	     9
	  21		 |	  0.0035	|	  40.61581	|	 0.275 		|	     9
	  22		 |	  0.003		|	  34.81355	|	 0.288 		|	     9
	  23		 |	  0.0025	|	  29.01123	|	 0.248 		|	    14
	  24		 |	  0.0018	|	  20.88813	|	 0.235 		|	    13
	  25		 |	  0.0016	|	  18.56723	|	 0.218 		|	    13
	  26		 |	  0.0014	|	  16.24633	|	 0.198 		|	    13
	  27		 |	  0.0012	|	  13.92542	|	 0.177 		|	    13
	  28		 |	  0.0009	|	  10.44407	|	 0.144 		|	    13
	  29		 |	  0.0008	|	  9.283614	|	 0.403 		|	    13
	  30		 |	  0.0007	|	  8.123163	|	 0.393 		|	    13
	  31		 |	  0.0006	|	  6.962711	|	 0.199 		|	    16
	  32		 |	  0.0005	|	  5.802259	|	 0.120 		|	    15
	  33		 |	  0.0002	|	  2.320904	|	 0.227 		|	    21
	  34		 |	  0.0001	|	  1.160452	|	 0.972 		|	    21
	  35		 |	  0.03		|	  		|	 		|	     9
	  36		 |	  0.04		|			|			|	     9
	  37		 |	  0.06		|			|			|	     9		 
	  38		 |	  0.08 		|			|			|	     8
	  39		 |	  0.1		|			|			|	     8
	  40             |        0.0027        |                       |        0.260	        |           12
          41             |        0.0023        |                       |        0.251          |           12

################################################################################
	The numerical errors are obtained from the following input file
################################################################################
2
2
2
1
2
1
5.0
1.0 1.0
T(in eV)
0.0 0.0
1.d3
2.d-2

$para1  eup=-2.0 edown=-2.0 uu=4.0  fixdot=T $end

$field  fieldtype=0  $end
1.d-20 1.d-20 1.d-20 1.d-20

$jobinfo  lsparse=T psfjob=T  itype_psf='itype_psf'   $end

$converge maxit0=20000 crit=1.d-7   $end

