      0.0000   -0.182749E+001  -0.796374E+000  -0.262386E+001
      0.0100   -0.182746E+001  -0.796472E+000  -0.262393E+001
      0.0200   -0.182743E+001  -0.796564E+000  -0.262399E+001
      0.0300   -0.182740E+001  -0.796648E+000  -0.262405E+001
      0.0400   -0.182737E+001  -0.796726E+000  -0.262409E+001
      0.0500   -0.182734E+001  -0.796797E+000  -0.262414E+001
      0.0600   -0.182731E+001  -0.796863E+000  -0.262417E+001
      0.0700   -0.182729E+001  -0.796922E+000  -0.262421E+001
      0.0800   -0.182726E+001  -0.796976E+000  -0.262424E+001
      0.0900   -0.182724E+001  -0.797025E+000  -0.262426E+001
      0.1000   -0.182721E+001  -0.797069E+000  -0.262428E+001
      0.1100   -0.182719E+001  -0.797109E+000  -0.262430E+001
      0.1200   -0.182717E+001  -0.797144E+000  -0.262431E+001
      0.1300   -0.182715E+001  -0.797176E+000  -0.262432E+001
      0.1400   -0.182713E+001  -0.797203E+000  -0.262433E+001
      0.1500   -0.182711E+001  -0.797228E+000  -0.262434E+001
      0.1600   -0.182709E+001  -0.797249E+000  -0.262434E+001
      0.1700   -0.182708E+001  -0.797268E+000  -0.262435E+001
      0.1800   -0.182706E+001  -0.797283E+000  -0.262435E+001
      0.1900   -0.182705E+001  -0.797296E+000  -0.262435E+001
      0.2000   -0.182704E+001  -0.797307E+000  -0.262434E+001
      0.2100   -0.182702E+001  -0.797316E+000  -0.262434E+001
      0.2200   -0.182701E+001  -0.797323E+000  -0.262434E+001
      0.2300   -0.182700E+001  -0.797328E+000  -0.262433E+001
      0.2400   -0.182699E+001  -0.797331E+000  -0.262432E+001
      0.2500   -0.182698E+001  -0.797333E+000  -0.262432E+001
      0.2600   -0.182698E+001  -0.797333E+000  -0.262431E+001
      0.2700   -0.182697E+001  -0.797332E+000  -0.262430E+001
      0.2800   -0.182696E+001  -0.797330E+000  -0.262429E+001
      0.2900   -0.182696E+001  -0.797327E+000  -0.262428E+001
      0.3000   -0.182695E+001  -0.797323E+000  -0.262427E+001
      0.3100   -0.182695E+001  -0.797318E+000  -0.262427E+001
      0.3200   -0.182694E+001  -0.797312E+000  -0.262426E+001
      0.3300   -0.182694E+001  -0.797306E+000  -0.262425E+001
      0.3400   -0.182694E+001  -0.797299E+000  -0.262424E+001
      0.3500   -0.182694E+001  -0.797291E+000  -0.262423E+001
      0.3600   -0.182693E+001  -0.797283E+000  -0.262422E+001
      0.3700   -0.182693E+001  -0.797274E+000  -0.262421E+001
      0.3800   -0.182693E+001  -0.797265E+000  -0.262420E+001
      0.3900   -0.182693E+001  -0.797255E+000  -0.262419E+001
      0.4000   -0.182693E+001  -0.797245E+000  -0.262418E+001
      0.4100   -0.182693E+001  -0.797235E+000  -0.262417E+001
      0.4200   -0.182694E+001  -0.797225E+000  -0.262416E+001
      0.4300   -0.182694E+001  -0.797214E+000  -0.262415E+001
      0.4400   -0.182694E+001  -0.797203E+000  -0.262414E+001
      0.4500   -0.182694E+001  -0.797192E+000  -0.262413E+001
      0.4600   -0.182694E+001  -0.797181E+000  -0.262413E+001
      0.4700   -0.182695E+001  -0.797170E+000  -0.262412E+001
      0.4800   -0.182695E+001  -0.797159E+000  -0.262411E+001
      0.4900   -0.182695E+001  -0.797147E+000  -0.262410E+001
      0.5000   -0.182696E+001  -0.797136E+000  -0.262409E+001
      0.5100   -0.182696E+001  -0.797124E+000  -0.262409E+001
      0.5200   -0.182697E+001  -0.797113E+000  -0.262408E+001
      0.5300   -0.182697E+001  -0.797101E+000  -0.262407E+001
      0.5400   -0.182698E+001  -0.797090E+000  -0.262407E+001
      0.5500   -0.182698E+001  -0.797078E+000  -0.262406E+001
      0.5600   -0.182699E+001  -0.797067E+000  -0.262405E+001
      0.5700   -0.182699E+001  -0.797055E+000  -0.262405E+001
      0.5800   -0.182700E+001  -0.797044E+000  -0.262404E+001
      0.5900   -0.182700E+001  -0.797033E+000  -0.262403E+001
      0.6000   -0.182701E+001  -0.797021E+000  -0.262403E+001
      0.6100   -0.182701E+001  -0.797010E+000  -0.262402E+001
      0.6200   -0.182702E+001  -0.796999E+000  -0.262402E+001
      0.6300   -0.182702E+001  -0.796988E+000  -0.262401E+001
      0.6400   -0.182703E+001  -0.796977E+000  -0.262401E+001
      0.6500   -0.182704E+001  -0.796966E+000  -0.262400E+001
      0.6600   -0.182704E+001  -0.796955E+000  -0.262400E+001
      0.6700   -0.182705E+001  -0.796944E+000  -0.262399E+001
      0.6800   -0.182706E+001  -0.796933E+000  -0.262399E+001
      0.6900   -0.182706E+001  -0.796923E+000  -0.262399E+001
      0.7000   -0.182707E+001  -0.796912E+000  -0.262398E+001
      0.7100   -0.182708E+001  -0.796902E+000  -0.262398E+001
      0.7200   -0.182708E+001  -0.796892E+000  -0.262397E+001
      0.7300   -0.182709E+001  -0.796882E+000  -0.262397E+001
      0.7400   -0.182710E+001  -0.796872E+000  -0.262397E+001
      0.7500   -0.182710E+001  -0.796862E+000  -0.262396E+001
      0.7600   -0.182711E+001  -0.796852E+000  -0.262396E+001
      0.7700   -0.182712E+001  -0.796842E+000  -0.262396E+001
      0.7800   -0.182712E+001  -0.796833E+000  -0.262396E+001
      0.7900   -0.182713E+001  -0.796823E+000  -0.262395E+001
      0.8000   -0.182714E+001  -0.796814E+000  -0.262395E+001
      0.8100   -0.182714E+001  -0.796804E+000  -0.262395E+001
      0.8200   -0.182715E+001  -0.796795E+000  -0.262395E+001
      0.8300   -0.182716E+001  -0.796786E+000  -0.262394E+001
      0.8400   -0.182716E+001  -0.796777E+000  -0.262394E+001
      0.8500   -0.182717E+001  -0.796768E+000  -0.262394E+001
      0.8600   -0.182718E+001  -0.796760E+000  -0.262394E+001
      0.8700   -0.182719E+001  -0.796751E+000  -0.262394E+001
      0.8800   -0.182719E+001  -0.796743E+000  -0.262393E+001
      0.8900   -0.182720E+001  -0.796734E+000  -0.262393E+001
      0.9000   -0.182721E+001  -0.796726E+000  -0.262393E+001
      0.9100   -0.182721E+001  -0.796718E+000  -0.262393E+001
      0.9200   -0.182722E+001  -0.796710E+000  -0.262393E+001
      0.9300   -0.182723E+001  -0.796702E+000  -0.262393E+001
      0.9400   -0.182723E+001  -0.796694E+000  -0.262393E+001
      0.9500   -0.182724E+001  -0.796686E+000  -0.262393E+001
      0.9600   -0.182725E+001  -0.796678E+000  -0.262392E+001
      0.9700   -0.182725E+001  -0.796671E+000  -0.262392E+001
      0.9800   -0.182726E+001  -0.796663E+000  -0.262392E+001
      0.9900   -0.182726E+001  -0.796656E+000  -0.262392E+001
      1.0000   -0.182727E+001  -0.796649E+000  -0.262392E+001
