      0.0000    0.000000E+000   0.000000E+000  -0.106803E-012
      0.0100    0.000000E+000   0.000000E+000  -0.106803E-012
      0.0200    0.000000E+000   0.000000E+000  -0.106831E-012
      0.0300    0.000000E+000   0.000000E+000  -0.106859E-012
      0.0400    0.000000E+000   0.000000E+000  -0.106831E-012
      0.0500    0.000000E+000   0.000000E+000  -0.106831E-012
      0.0600    0.000000E+000   0.000000E+000  -0.106803E-012
      0.0700    0.000000E+000   0.000000E+000  -0.106803E-012
      0.0800    0.000000E+000   0.000000E+000  -0.106776E-012
      0.0900    0.000000E+000   0.000000E+000  -0.106748E-012
      0.1000    0.000000E+000   0.000000E+000  -0.106748E-012
      0.1100    0.000000E+000   0.000000E+000  -0.106720E-012
      0.1200    0.000000E+000   0.000000E+000  -0.106692E-012
      0.1300    0.000000E+000   0.000000E+000  -0.106692E-012
      0.1400    0.000000E+000   0.000000E+000  -0.106637E-012
      0.1500    0.000000E+000   0.000000E+000  -0.106637E-012
      0.1600    0.000000E+000   0.000000E+000  -0.106609E-012
      0.1700    0.000000E+000   0.000000E+000  -0.106609E-012
      0.1800    0.000000E+000   0.000000E+000  -0.106609E-012
      0.1900    0.000000E+000   0.000000E+000  -0.106554E-012
      0.2000    0.000000E+000   0.000000E+000  -0.106554E-012
      0.2100    0.000000E+000   0.000000E+000  -0.106554E-012
      0.2200    0.000000E+000   0.000000E+000  -0.106526E-012
      0.2300    0.000000E+000   0.000000E+000  -0.106443E-012
      0.2400    0.000000E+000   0.000000E+000  -0.106415E-012
      0.2500    0.000000E+000   0.000000E+000  -0.106415E-012
      0.2600    0.000000E+000   0.000000E+000  -0.106359E-012
      0.2700    0.000000E+000   0.000000E+000  -0.106359E-012
      0.2800    0.000000E+000   0.000000E+000  -0.106359E-012
      0.2900    0.000000E+000   0.000000E+000  -0.106332E-012
      0.3000    0.000000E+000   0.000000E+000  -0.106276E-012
      0.3100    0.000000E+000   0.000000E+000  -0.106276E-012
      0.3200    0.000000E+000   0.000000E+000  -0.106248E-012
      0.3300    0.000000E+000   0.000000E+000  -0.106165E-012
      0.3400    0.000000E+000   0.000000E+000  -0.106165E-012
      0.3500    0.000000E+000   0.000000E+000  -0.106165E-012
      0.3600    0.000000E+000   0.000000E+000  -0.106137E-012
      0.3700    0.000000E+000   0.000000E+000  -0.106082E-012
      0.3800    0.000000E+000   0.000000E+000  -0.106110E-012
      0.3900    0.000000E+000   0.000000E+000  -0.106082E-012
      0.4000    0.000000E+000   0.000000E+000  -0.106054E-012
      0.4100    0.000000E+000   0.000000E+000  -0.106054E-012
      0.4200    0.000000E+000   0.000000E+000  -0.106026E-012
      0.4300    0.000000E+000   0.000000E+000  -0.105943E-012
      0.4400    0.000000E+000   0.000000E+000  -0.105971E-012
      0.4500    0.000000E+000   0.000000E+000  -0.105943E-012
      0.4600    0.000000E+000   0.000000E+000  -0.105943E-012
      0.4700    0.000000E+000   0.000000E+000  -0.105915E-012
      0.4800    0.000000E+000   0.000000E+000  -0.105860E-012
      0.4900    0.000000E+000   0.000000E+000  -0.105888E-012
      0.5000    0.000000E+000   0.000000E+000  -0.105804E-012
      0.5100    0.000000E+000   0.000000E+000  -0.105804E-012
      0.5200    0.000000E+000   0.000000E+000  -0.105832E-012
      0.5300    0.000000E+000   0.000000E+000  -0.105804E-012
      0.5400    0.000000E+000   0.000000E+000  -0.105776E-012
      0.5500    0.000000E+000   0.000000E+000  -0.105749E-012
      0.5600    0.000000E+000   0.000000E+000  -0.105693E-012
      0.5700    0.000000E+000   0.000000E+000  -0.105665E-012
      0.5800    0.000000E+000   0.000000E+000  -0.105638E-012
      0.5900    0.000000E+000   0.000000E+000  -0.105610E-012
      0.6000    0.000000E+000   0.000000E+000  -0.105638E-012
      0.6100    0.000000E+000   0.000000E+000  -0.105554E-012
      0.6200    0.000000E+000   0.000000E+000  -0.105499E-012
      0.6300    0.000000E+000   0.000000E+000  -0.105499E-012
      0.6400    0.000000E+000   0.000000E+000  -0.105499E-012
      0.6500    0.000000E+000   0.000000E+000  -0.105471E-012
      0.6600    0.000000E+000   0.000000E+000  -0.105443E-012
      0.6700    0.000000E+000   0.000000E+000  -0.105443E-012
      0.6800    0.000000E+000   0.000000E+000  -0.105416E-012
      0.6900    0.000000E+000   0.000000E+000  -0.105360E-012
      0.7000    0.000000E+000   0.000000E+000  -0.105388E-012
      0.7100    0.000000E+000   0.000000E+000  -0.105388E-012
      0.7200    0.000000E+000   0.000000E+000  -0.105360E-012
      0.7300    0.000000E+000   0.000000E+000  -0.105360E-012
      0.7400    0.000000E+000   0.000000E+000  -0.105360E-012
      0.7500    0.000000E+000   0.000000E+000  -0.105360E-012
      0.7600    0.000000E+000   0.000000E+000  -0.105332E-012
      0.7700    0.000000E+000   0.000000E+000  -0.105332E-012
      0.7800    0.000000E+000   0.000000E+000  -0.105305E-012
      0.7900    0.000000E+000   0.000000E+000  -0.105305E-012
      0.8000    0.000000E+000   0.000000E+000  -0.105305E-012
      0.8100    0.000000E+000   0.000000E+000  -0.105305E-012
      0.8200    0.000000E+000   0.000000E+000  -0.105249E-012
      0.8300    0.000000E+000   0.000000E+000  -0.105221E-012
      0.8400    0.000000E+000   0.000000E+000  -0.105194E-012
      0.8500    0.000000E+000   0.000000E+000  -0.105194E-012
      0.8600    0.000000E+000   0.000000E+000  -0.105138E-012
      0.8700    0.000000E+000   0.000000E+000  -0.105138E-012
      0.8800    0.000000E+000   0.000000E+000  -0.105110E-012
      0.8900    0.000000E+000   0.000000E+000  -0.105083E-012
      0.9000    0.000000E+000   0.000000E+000  -0.105055E-012
      0.9100    0.000000E+000   0.000000E+000  -0.105110E-012
      0.9200    0.000000E+000   0.000000E+000  -0.105083E-012
      0.9300    0.000000E+000   0.000000E+000  -0.105083E-012
      0.9400    0.000000E+000   0.000000E+000  -0.105083E-012
      0.9500    0.000000E+000   0.000000E+000  -0.104999E-012
      0.9600    0.000000E+000   0.000000E+000  -0.105027E-012
      0.9700    0.000000E+000   0.000000E+000  -0.104999E-012
      0.9800    0.000000E+000   0.000000E+000  -0.104999E-012
      0.9900    0.000000E+000   0.000000E+000  -0.105027E-012
      1.0000    0.000000E+000   0.000000E+000  -0.104972E-012
