      0.0000    0.119488E-010   0.456864E+000   0.456864E+000   0.456864E+000   0.137059E+001   0.000000E+000   0.000000E+000
      0.0100    0.117570E-010   0.456857E+000   0.456857E+000   0.456857E+000   0.137057E+001   0.000000E+000   0.000000E+000
      0.0200    0.116077E-010   0.456849E+000   0.456849E+000   0.456849E+000   0.137055E+001   0.000000E+000   0.000000E+000
      0.0300    0.114893E-010   0.456842E+000   0.456842E+000   0.456842E+000   0.137053E+001   0.000000E+000   0.000000E+000
      0.0400    0.113942E-010   0.456835E+000   0.456835E+000   0.456835E+000   0.137050E+001   0.000000E+000   0.000000E+000
      0.0500    0.113167E-010   0.456828E+000   0.456828E+000   0.456828E+000   0.137048E+001   0.000000E+000   0.000000E+000
      0.0600    0.112529E-010   0.456821E+000   0.456821E+000   0.456821E+000   0.137046E+001   0.000000E+000   0.000000E+000
      0.0700    0.112000E-010   0.456815E+000   0.456815E+000   0.456815E+000   0.137045E+001   0.000000E+000   0.000000E+000
      0.0800    0.111556E-010   0.456809E+000   0.456809E+000   0.456809E+000   0.137043E+001   0.000000E+000   0.000000E+000
      0.0900    0.111181E-010   0.456803E+000   0.456803E+000   0.456803E+000   0.137041E+001   0.000000E+000   0.000000E+000
      0.1000    0.110862E-010   0.456797E+000   0.456797E+000   0.456797E+000   0.137039E+001   0.000000E+000   0.000000E+000
      0.1100    0.110589E-010   0.456792E+000   0.456792E+000   0.456792E+000   0.137038E+001   0.000000E+000   0.000000E+000
      0.1200    0.110354E-010   0.456787E+000   0.456787E+000   0.456787E+000   0.137036E+001   0.000000E+000   0.000000E+000
      0.1300    0.110150E-010   0.456782E+000   0.456782E+000   0.456782E+000   0.137035E+001   0.000000E+000   0.000000E+000
      0.1400    0.109972E-010   0.456778E+000   0.456778E+000   0.456778E+000   0.137033E+001   0.000000E+000   0.000000E+000
      0.1500    0.109816E-010   0.456773E+000   0.456773E+000   0.456773E+000   0.137032E+001   0.000000E+000   0.000000E+000
      0.1600    0.109677E-010   0.456769E+000   0.456769E+000   0.456769E+000   0.137031E+001   0.000000E+000   0.000000E+000
      0.1700    0.109554E-010   0.456766E+000   0.456766E+000   0.456766E+000   0.137030E+001   0.000000E+000   0.000000E+000
      0.1800    0.109443E-010   0.456762E+000   0.456762E+000   0.456762E+000   0.137029E+001   0.000000E+000   0.000000E+000
      0.1900    0.109343E-010   0.456759E+000   0.456759E+000   0.456759E+000   0.137028E+001   0.000000E+000   0.000000E+000
      0.2000    0.109252E-010   0.456756E+000   0.456756E+000   0.456756E+000   0.137027E+001   0.000000E+000   0.000000E+000
      0.2100    0.109168E-010   0.456753E+000   0.456753E+000   0.456753E+000   0.137026E+001   0.000000E+000   0.000000E+000
      0.2200    0.109091E-010   0.456750E+000   0.456750E+000   0.456750E+000   0.137025E+001   0.000000E+000   0.000000E+000
      0.2300    0.109019E-010   0.456748E+000   0.456748E+000   0.456748E+000   0.137024E+001   0.000000E+000   0.000000E+000
      0.2400    0.108951E-010   0.456746E+000   0.456746E+000   0.456746E+000   0.137024E+001   0.000000E+000   0.000000E+000
      0.2500    0.108887E-010   0.456744E+000   0.456744E+000   0.456744E+000   0.137023E+001   0.000000E+000   0.000000E+000
      0.2600    0.108827E-010   0.456742E+000   0.456742E+000   0.456742E+000   0.137023E+001   0.000000E+000   0.000000E+000
      0.2700    0.108769E-010   0.456741E+000   0.456741E+000   0.456741E+000   0.137022E+001   0.000000E+000   0.000000E+000
      0.2800    0.108713E-010   0.456739E+000   0.456739E+000   0.456739E+000   0.137022E+001   0.000000E+000   0.000000E+000
      0.2900    0.108660E-010   0.456738E+000   0.456738E+000   0.456738E+000   0.137021E+001   0.000000E+000   0.000000E+000
      0.3000    0.108608E-010   0.456737E+000   0.456737E+000   0.456737E+000   0.137021E+001   0.000000E+000   0.000000E+000
      0.3100    0.108557E-010   0.456736E+000   0.456736E+000   0.456736E+000   0.137021E+001   0.000000E+000   0.000000E+000
      0.3200    0.108508E-010   0.456735E+000   0.456735E+000   0.456735E+000   0.137021E+001   0.000000E+000   0.000000E+000
      0.3300    0.108460E-010   0.456735E+000   0.456735E+000   0.456735E+000   0.137020E+001   0.000000E+000   0.000000E+000
      0.3400    0.108412E-010   0.456734E+000   0.456734E+000   0.456734E+000   0.137020E+001   0.000000E+000   0.000000E+000
      0.3500    0.108365E-010   0.456734E+000   0.456734E+000   0.456734E+000   0.137020E+001   0.000000E+000   0.000000E+000
      0.3600    0.108319E-010   0.456733E+000   0.456733E+000   0.456733E+000   0.137020E+001   0.000000E+000   0.000000E+000
      0.3700    0.108274E-010   0.456733E+000   0.456733E+000   0.456733E+000   0.137020E+001   0.000000E+000   0.000000E+000
      0.3800    0.108229E-010   0.456733E+000   0.456733E+000   0.456733E+000   0.137020E+001   0.000000E+000   0.000000E+000
      0.3900    0.108184E-010   0.456733E+000   0.456733E+000   0.456733E+000   0.137020E+001   0.000000E+000   0.000000E+000
      0.4000    0.108139E-010   0.456734E+000   0.456734E+000   0.456734E+000   0.137020E+001   0.000000E+000   0.000000E+000
      0.4100    0.108095E-010   0.456734E+000   0.456734E+000   0.456734E+000   0.137020E+001   0.000000E+000   0.000000E+000
      0.4200    0.108051E-010   0.456734E+000   0.456734E+000   0.456734E+000   0.137020E+001   0.000000E+000   0.000000E+000
      0.4300    0.108008E-010   0.456735E+000   0.456735E+000   0.456735E+000   0.137020E+001   0.000000E+000   0.000000E+000
      0.4400    0.107964E-010   0.456735E+000   0.456735E+000   0.456735E+000   0.137021E+001   0.000000E+000   0.000000E+000
      0.4500    0.107921E-010   0.456736E+000   0.456736E+000   0.456736E+000   0.137021E+001   0.000000E+000   0.000000E+000
      0.4600    0.107878E-010   0.456737E+000   0.456737E+000   0.456737E+000   0.137021E+001   0.000000E+000   0.000000E+000
      0.4700    0.107835E-010   0.456738E+000   0.456738E+000   0.456738E+000   0.137021E+001   0.000000E+000   0.000000E+000
      0.4800    0.107792E-010   0.456739E+000   0.456739E+000   0.456739E+000   0.137022E+001   0.000000E+000   0.000000E+000
      0.4900    0.107749E-010   0.456739E+000   0.456739E+000   0.456739E+000   0.137022E+001   0.000000E+000   0.000000E+000
      0.5000    0.107707E-010   0.456740E+000   0.456740E+000   0.456740E+000   0.137022E+001   0.000000E+000   0.000000E+000
      0.5100    0.107664E-010   0.456742E+000   0.456742E+000   0.456742E+000   0.137022E+001   0.000000E+000   0.000000E+000
      0.5200    0.107621E-010   0.456743E+000   0.456743E+000   0.456743E+000   0.137023E+001   0.000000E+000   0.000000E+000
      0.5300    0.107579E-010   0.456744E+000   0.456744E+000   0.456744E+000   0.137023E+001   0.000000E+000   0.000000E+000
      0.5400    0.107536E-010   0.456745E+000   0.456745E+000   0.456745E+000   0.137024E+001   0.000000E+000   0.000000E+000
      0.5500    0.107494E-010   0.456746E+000   0.456746E+000   0.456746E+000   0.137024E+001   0.000000E+000   0.000000E+000
      0.5600    0.107451E-010   0.456748E+000   0.456748E+000   0.456748E+000   0.137024E+001   0.000000E+000   0.000000E+000
      0.5700    0.107409E-010   0.456749E+000   0.456749E+000   0.456749E+000   0.137025E+001   0.000000E+000   0.000000E+000
      0.5800    0.107367E-010   0.456750E+000   0.456750E+000   0.456750E+000   0.137025E+001   0.000000E+000   0.000000E+000
      0.5900    0.107325E-010   0.456752E+000   0.456752E+000   0.456752E+000   0.137026E+001   0.000000E+000   0.000000E+000
      0.6000    0.107283E-010   0.456753E+000   0.456753E+000   0.456753E+000   0.137026E+001   0.000000E+000   0.000000E+000
      0.6100    0.107240E-010   0.456755E+000   0.456755E+000   0.456755E+000   0.137026E+001   0.000000E+000   0.000000E+000
      0.6200    0.107198E-010   0.456756E+000   0.456756E+000   0.456756E+000   0.137027E+001   0.000000E+000   0.000000E+000
      0.6300    0.107156E-010   0.456758E+000   0.456758E+000   0.456758E+000   0.137027E+001   0.000000E+000   0.000000E+000
      0.6400    0.107114E-010   0.456759E+000   0.456759E+000   0.456759E+000   0.137028E+001   0.000000E+000   0.000000E+000
      0.6500    0.107072E-010   0.456761E+000   0.456761E+000   0.456761E+000   0.137028E+001   0.000000E+000   0.000000E+000
      0.6600    0.107030E-010   0.456762E+000   0.456762E+000   0.456762E+000   0.137029E+001   0.000000E+000   0.000000E+000
      0.6700    0.106988E-010   0.456764E+000   0.456764E+000   0.456764E+000   0.137029E+001   0.000000E+000   0.000000E+000
      0.6800    0.106946E-010   0.456766E+000   0.456766E+000   0.456766E+000   0.137030E+001   0.000000E+000   0.000000E+000
      0.6900    0.106904E-010   0.456767E+000   0.456767E+000   0.456767E+000   0.137030E+001   0.000000E+000   0.000000E+000
      0.7000    0.106862E-010   0.456769E+000   0.456769E+000   0.456769E+000   0.137031E+001   0.000000E+000   0.000000E+000
      0.7100    0.106820E-010   0.456771E+000   0.456771E+000   0.456771E+000   0.137031E+001   0.000000E+000   0.000000E+000
      0.7200    0.106779E-010   0.456772E+000   0.456772E+000   0.456772E+000   0.137032E+001   0.000000E+000   0.000000E+000
      0.7300    0.106737E-010   0.456774E+000   0.456774E+000   0.456774E+000   0.137032E+001   0.000000E+000   0.000000E+000
      0.7400    0.106695E-010   0.456776E+000   0.456776E+000   0.456776E+000   0.137033E+001   0.000000E+000   0.000000E+000
      0.7500    0.106653E-010   0.456777E+000   0.456777E+000   0.456777E+000   0.137033E+001   0.000000E+000   0.000000E+000
      0.7600    0.106612E-010   0.456779E+000   0.456779E+000   0.456779E+000   0.137034E+001   0.000000E+000   0.000000E+000
      0.7700    0.106570E-010   0.456781E+000   0.456781E+000   0.456781E+000   0.137034E+001   0.000000E+000   0.000000E+000
      0.7800    0.106528E-010   0.456783E+000   0.456783E+000   0.456783E+000   0.137035E+001   0.000000E+000   0.000000E+000
      0.7900    0.106487E-010   0.456784E+000   0.456784E+000   0.456784E+000   0.137035E+001   0.000000E+000   0.000000E+000
      0.8000    0.106445E-010   0.456786E+000   0.456786E+000   0.456786E+000   0.137036E+001   0.000000E+000   0.000000E+000
      0.8100    0.106403E-010   0.456788E+000   0.456788E+000   0.456788E+000   0.137036E+001   0.000000E+000   0.000000E+000
      0.8200    0.106362E-010   0.456789E+000   0.456789E+000   0.456789E+000   0.137037E+001   0.000000E+000   0.000000E+000
      0.8300    0.106321E-010   0.456791E+000   0.456791E+000   0.456791E+000   0.137037E+001   0.000000E+000   0.000000E+000
      0.8400    0.106279E-010   0.456793E+000   0.456793E+000   0.456793E+000   0.137038E+001   0.000000E+000   0.000000E+000
      0.8500    0.106238E-010   0.456795E+000   0.456795E+000   0.456795E+000   0.137038E+001   0.000000E+000   0.000000E+000
      0.8600    0.106196E-010   0.456796E+000   0.456796E+000   0.456796E+000   0.137039E+001   0.000000E+000   0.000000E+000
      0.8700    0.106154E-010   0.456798E+000   0.456798E+000   0.456798E+000   0.137039E+001   0.000000E+000   0.000000E+000
      0.8800    0.106113E-010   0.456800E+000   0.456800E+000   0.456800E+000   0.137040E+001   0.000000E+000   0.000000E+000
      0.8900    0.106071E-010   0.456801E+000   0.456801E+000   0.456801E+000   0.137040E+001   0.000000E+000   0.000000E+000
      0.9000    0.106030E-010   0.456803E+000   0.456803E+000   0.456803E+000   0.137041E+001   0.000000E+000   0.000000E+000
      0.9100    0.105988E-010   0.456805E+000   0.456805E+000   0.456805E+000   0.137041E+001   0.000000E+000   0.000000E+000
      0.9200    0.105947E-010   0.456806E+000   0.456806E+000   0.456806E+000   0.137042E+001   0.000000E+000   0.000000E+000
      0.9300    0.105905E-010   0.456808E+000   0.456808E+000   0.456808E+000   0.137042E+001   0.000000E+000   0.000000E+000
      0.9400    0.105864E-010   0.456810E+000   0.456810E+000   0.456810E+000   0.137043E+001   0.000000E+000   0.000000E+000
      0.9500    0.105823E-010   0.456811E+000   0.456811E+000   0.456811E+000   0.137043E+001   0.000000E+000   0.000000E+000
      0.9600    0.105781E-010   0.456813E+000   0.456813E+000   0.456813E+000   0.137044E+001   0.000000E+000   0.000000E+000
      0.9700    0.105740E-010   0.456815E+000   0.456815E+000   0.456815E+000   0.137044E+001   0.000000E+000   0.000000E+000
      0.9800    0.105699E-010   0.456816E+000   0.456816E+000   0.456816E+000   0.137045E+001   0.000000E+000   0.000000E+000
      0.9900    0.105657E-010   0.456818E+000   0.456818E+000   0.456818E+000   0.137045E+001   0.000000E+000   0.000000E+000
      1.0000    0.105616E-010   0.456819E+000   0.456819E+000   0.456819E+000   0.137046E+001   0.000000E+000   0.000000E+000
